0.0 0.28964 0.20975
0.921 0.33512 0.19169
1.843 0.38025 0.16581
2.764 0.42538 0.12893
3.686 0.4705 0.07703
4.607 0.51563 0.00528
5.529 0.53203 0.2053
6.45 0.52341 0.19708
7.372 0.5148 0.18899
8.293 0.50618 0.181
9.215 0.49756 0.17315
10.136 0.48894 0.1654
11.058 0.48032 0.15777
11.979 0.4717 0.15025
12.901 0.46309 0.14284
13.822 0.45447 0.13556
14.743 0.44585 0.12838
15.665 0.43723 0.1213
16.586 0.42861 0.11434
17.508 0.41999 0.10749
18.429 0.41138 0.10075
19.351 0.40276 0.09412
20.272 0.39414 0.08759
21.194 0.38552 0.08116
22.115 0.3769 0.07484
23.037 0.36828 0.06862
23.958 0.35966 0.0625
24.88 0.35105 0.05649
25.801 0.34243 0.05057
26.722 0.33381 0.04475
27.644 0.32519 0.03903
28.565 0.31657 0.03341
29.487 0.30795 0.02788
30.408 0.30447 0.01161
31.33 0.30949 0.0831
32.251 0.317 0.13219
33.173 0.33153 0.16292
34.094 0.34605 0.18582
35.016 0.36058 0.20277
35.937 0.3751 0.21524
36.859 0.3877 0.22281
37.78 0.39679 0.22626
38.702 0.40589 0.22926
39.623 0.41498 0.23187
40.544 0.42407 0.23413
41.466 0.43316 0.2361
42.387 0.44226 0.2378
43.309 0.45135 0.23929
44.23 0.46044 0.24057
45.152 0.46953 0.24169
46.073 0.47863 0.24265
46.995 0.48772 0.24349
47.916 0.49681 0.24422
48.838 0.50591 0.24485
49.759 0.515 0.2454
50.681 0.52409 0.24587
51.602 0.52711 0.24563
52.523 0.52947 0.24528
53.445 0.53184 0.24489
54.366 0.5342 0.24446
55.288 0.53656 0.24398
56.209 0.53893 0.24346
57.131 0.54129 0.24288
58.052 0.54365 0.24224
58.974 0.54602 0.24153
59.895 0.54838 0.24075
60.817 0.55075 0.23989
61.738 0.55311 0.23893
62.66 0.55547 0.23788
63.581 0.55784 0.23672
64.503 0.5602 0.23543
65.424 0.56256 0.23401
66.345 0.56493 0.23244
67.267 0.56729 0.23072
68.188 0.56966 0.22881
69.11 0.57202 0.2267
70.031 0.57438 0.22438
70.953 0.57675 0.22181
71.874 0.5739 0.21683
72.796 0.54416 0.19388
73.717 0.51443 0.1553
74.639 0.58221 0.13024
75.56 0.67231 0.1208
76.482 0.61185 0.11147
77.403 0.53007 0.09203
78.325 0.41488 0.052
79.246 0.29969 0.00294
80.167 0.1845 0.0566
81.089 0.16151 0.06807
82.01 0.15108 0.07228
82.932 0.14064 0.07654
83.853 0.1302 0.08085
84.775 0.11976 0.0852
85.696 0.10932 0.08961
86.618 0.09889 0.09406
87.539 0.08845 0.09856
88.461 0.07801 0.10311
89.382 0.06757 0.10771
90.304 0.05698 0.11218
91.225 0.04634 0.11664
92.146 0.04473 0.11629
93.068 0.05276 0.11083
93.989 0.06079 0.10544
94.911 0.06461 0.061
95.832 0.05889 0.04478
96.754 0.08838 0.20366
97.675 0.12161 0.24051
98.597 0.06502 0.24678
99.518 0.0 0.24835
100.44 0.0944 0.24885
101.361 0.22333 0.24893
102.283 0.34777 0.24894
103.204 0.65063 0.24894
104.126 0.86574 0.24894
105.047 0.92031 0.24894
105.968 0.93842 0.24894
106.89 0.94193 0.24893
107.811 0.94543 0.24892
108.733 0.94894 0.2489
109.654 0.95329 0.24887
110.576 0.95909 0.24884
111.497 0.96488 0.24878
112.419 0.97068 0.2487
113.34 0.97643 0.24857
114.262 0.98232 0.24831
115.183 0.98821 0.24786
116.105 0.99411 0.2471
117.026 1.0 0.24584
117.947 0.95591 0.24306
118.869 0.8285 0.23413
119.79 0.62067 0.21995
120.712 0.58373 0.18202
121.633 0.54877 0.15867
122.555 0.51379 0.12795
123.476 0.47929 0.0877
124.398 0.4967 0.0454
125.319 0.51679 0.00802
126.241 0.51683 0.00055
127.162 0.51653 0.00794
128.084 0.51622 0.01617
129.005 0.51592 0.02415
129.927 0.51561 0.03188
130.848 0.51531 0.03938
131.769 0.515 0.04665
132.691 0.5147 0.05368
133.612 0.51439 0.0605
134.534 0.51409 0.06709
135.455 0.51378 0.07348
136.377 0.51348 0.07966
137.298 0.51317 0.08564
138.22 0.51286 0.09142
139.141 0.51256 0.09702
140.063 0.51225 0.10243
140.984 0.51195 0.10766
141.906 0.51164 0.11271
142.827 0.51134 0.1176
143.748 0.51103 0.12233
144.67 0.51073 0.12689
145.591 0.51042 0.1313
146.513 0.51012 0.13555
147.434 0.50981 0.13967
148.356 0.50951 0.14364
149.277 0.5092 0.14747
150.199 0.5089 0.15117
151.12 0.50859 0.15474
152.042 0.50829 0.15819
152.963 0.50798 0.16152
153.885 0.50767 0.16473
154.806 0.50737 0.16783
155.728 0.50706 0.17081
156.649 0.50676 0.17369
157.57 0.50645 0.17647
158.492 0.50615 0.17915
159.413 0.50584 0.18174
160.335 0.50554 0.18423
161.256 0.50523 0.18663
162.178 0.50493 0.18895
163.099 0.50462 0.19118
164.021 0.50432 0.19333
164.942 0.50401 0.1954
165.864 0.50371 0.1974
166.785 0.5034 0.19933
167.707 0.51211 0.20501
168.628 0.5147 0.19905
169.549 0.51729 0.1923
170.471 0.51988 0.18467
171.392 0.52246 0.17606
172.314 0.5226 0.16358
173.235 0.51949 0.14472
174.157 0.49653 0.10029
175.078 0.453 0.00242
176.0 0.40946 0.14826
176.921 0.38741 0.25019
177.843 0.37389 0.0158
178.764 0.37651 0.29744
179.686 0.37913 0.27507
180.607 0.38175 0.2534
181.529 0.38437 0.23242
182.45 0.38699 0.21214
183.371 0.38961 0.19253
184.293 0.39223 0.17359
185.214 0.39485 0.15531
186.136 0.39747 0.13768
187.057 0.40009 0.12068
187.979 0.40271 0.1043
188.9 0.40533 0.08854
189.822 0.40795 0.07337
190.743 0.41057 0.05878
191.665 0.41395 0.02348
192.586 0.29156 0.19102
193.508 0.18808 0.20943
194.429 0.17373 0.16661
195.35 0.15937 0.08113
196.272 0.17425 0.04107
197.193 0.31079 0.12305
198.115 0.30128 0.11558
199.036 0.29178 0.10769
199.958 0.28694 0.10115
200.879 0.29526 0.09942
201.801 0.30358 0.09768
202.722 0.3119 0.09591
203.644 0.32022 0.09413
204.565 0.32854 0.09233
205.487 0.33686 0.0905
206.408 0.34518 0.08866
207.33 0.3535 0.0868
208.251 0.36182 0.08492
209.172 0.37014 0.08302
210.094 0.37846 0.0811
211.015 0.38678 0.07916
211.937 0.3951 0.0772
212.858 0.40342 0.07521
213.78 0.41175 0.07321
214.701 0.42007 0.07118
215.623 0.42839 0.06914
216.544 0.43671 0.06707
217.466 0.44503 0.06498
218.387 0.45343 0.06256
219.309 0.52608 0.0978
220.23 0.615 0.13403
221.152 0.70392 0.16196
222.073 0.79284 0.18332
222.994 0.78037 0.18066
223.916 0.75948 0.17572
224.837 0.73858 0.17044
225.759 0.71768 0.16479
226.68 0.69678 0.15876
227.602 0.67589 0.15231
228.523 0.65499 0.14543
229.445 0.63409 0.13808
230.366 0.6132 0.13024
231.288 0.5923 0.12188
232.209 0.5714 0.11297
233.131 0.55051 0.10349
234.052 0.52961 0.09338
234.973 0.50871 0.08264
235.895 0.48782 0.07122
236.816 0.46692 0.05908
237.738 0.44602 0.04619
238.659 0.42513 0.03253
239.581 0.41085 0.03649
240.502 0.40244 0.05536
241.424 0.39403 0.07269
242.345 0.38448 0.09009
243.267 0.30853 0.10778
244.188 0.22749 0.123
245.11 0.14645 0.13666
246.031 0.11694 0.1338
246.953 0.12119 0.11959
