71.74416 0.71514 0.15813
72.05112 0.67303 0.14671
72.30912 0.64515 0.11068
72.54504 0.73868 0.12299
72.82776 0.6917 0.09647
73.06032 0.64052 0.13069
73.29264 0.61742 0.08506
73.52544 0.68235 0.10136
73.75872 0.64515 0.08553
73.99176 0.5261 0.08842
74.22456 0.59443 0.08965
74.87088 0.77183 0.06189
75.1032 0.81955 0.08329
75.336 0.8484 0.08375
75.5688 0.84358 0.09936
75.80064 0.83395 0.08352
76.03344 0.76708 0.0876
76.26648 0.69638 0.06607
76.49928 0.62665 0.06516
76.73184 0.73868 0.15886
76.9644 0.77658 0.10841
77.59464 0.60821 0.08989
77.82696 0.48555 0.09256
78.05928 0.51706 0.11767
78.29208 0.51255 0.09797
78.52464 0.51706 0.08825
78.7572 0.61282 0.06498
78.99 0.54877 0.07895
79.2228 0.3659 0.09028
79.45536 0.34843 0.09942
79.68768 0.24493 0.07409
79.92048 0.24066 0.09716
80.15328 0.17719 0.13689
95.418 0.16041 0.07274
95.67288 0.2279 0.07382
95.9052 0.0 0.05702
96.13752 0.12703 0.06318
96.36984 0.11873 0.07207
96.6024 0.10216 0.06732
97.06776 0.15204 0.04538
97.30032 0.16879 0.05466
97.53312 0.1856 0.05029
97.99848 0.18981 0.06864
98.23152 0.15622 0.07722
98.46456 0.11458 0.09001
98.69688 0.08154 0.09382
98.92992 0.1063 0.10332
99.16296 0.06101 0.08004
99.87096 0.01619 0.06603
100.10328 0.08154 0.08041
100.33536 0.12288 0.06763
100.56792 0.2067 0.08726
100.80144 0.19403 0.07786
101.03448 0.27488 0.08389
101.2668 0.30503 0.07975
101.73264 0.29639 0.08896
101.96544 0.34407 0.11825
102.8148 0.64515 0.08553
103.12944 0.71514 0.08672
103.362 0.91633 0.06893
103.59528 0.94571 0.1013
103.82784 1.0 0.10233
119.50368 0.86288 0.11022
119.736 0.77183 0.11863
119.96832 0.70575 0.1222
120.20088 0.67303 0.1113
120.4332 0.75286 0.11819
120.66576 0.77658 0.08776
120.89808 0.73868 0.10762
121.13136 0.71514 0.12753
121.36392 0.72454 0.10221
121.59624 0.67303 0.09106
121.8288 0.69638 0.10673
122.29368 0.60362 0.0948
122.526 0.71984 0.10211
122.7588 0.54877 0.07895
123.45816 0.52158 0.08833
123.69048 0.60821 0.0849
123.92328 0.58069 0.1043
124.38936 0.6917 0.06601
124.62144 0.60821 0.0849
125.35992 0.7576 0.14402
126.19968 0.48555 0.13153
126.55464 0.59443 0.09463
126.78696 0.68235 0.0963
127.01928 0.62203 0.07011
