0.0 0.0 0.08734
0.226 0.22071 0.15567
0.452 0.14 0.04665
0.678 0.24131 0.02888
0.903 0.29164 0.0275
1.129 0.1799 0.02738
1.355 0.16606 0.02737
1.581 0.14651 0.02737
1.807 0.22952 0.02737
2.033 0.34079 0.02737
2.259 0.42779 0.02737
2.484 0.43488 0.02737
2.71 0.50964 0.02738
2.936 0.53365 0.0274
3.162 0.4773 0.02774
3.388 0.34018 0.03495
3.614 0.34198 0.07253
3.84 0.42342 0.05322
4.065 0.4434 0.03245
4.291 0.60081 0.02883
4.517 0.78815 0.02804
4.743 0.78982 0.02744
4.969 0.80239 0.02737
5.195 1.0 0.02737
5.421 0.91366 0.02737
5.646 0.78438 0.02737
5.872 0.97072 0.02737
6.098 0.87704 0.02737
6.324 0.51179 0.02737
6.55 0.48674 0.02737
6.776 0.36681 0.02737
7.002 0.38258 0.02737
7.227 0.372 0.02737
7.453 0.35383 0.02737
7.679 0.28852 0.02737
