0.0 0.33102 0.08962
0.23232 0.44089 0.10619
0.46464 0.39664 0.07174
0.6972 0.45425 0.09196
0.92952 0.46764 0.0728
1.16184 0.41871 0.08168
1.3944 0.40987 0.08153
1.62672 0.40105 0.08616
1.85952 0.45425 0.05324
2.09232 0.51255 0.05388
2.32464 0.54877 0.06415
2.55744 0.53969 0.07881
2.79 0.60821 0.07991
3.02208 0.58069 0.0745
3.25512 0.55332 0.07903
3.4884 0.45425 0.08228
3.72144 0.53516 0.08858
3.95424 0.53969 0.11821
4.18656 0.57612 0.11909
4.41864 0.68235 0.1115
4.6512 0.72925 0.10742
4.88352 0.69638 0.10165
5.11608 0.7861 0.10344
5.34864 0.84358 0.09413
5.58096 0.67769 0.10633
5.81352 0.80519 0.1142
6.04632 0.79086 0.10353
6.27888 0.58069 0.12416
6.5112 0.58069 0.11423
6.74376 0.50804 0.12724
6.97656 0.51706 0.11277
7.20864 0.51255 0.09307
7.44096 0.50353 0.09779
7.67328 0.47211 0.11173
7.90536 0.43645 0.08198
