0.0 0.33102 0.08962
0.23232 0.44089 0.10619
0.46464 0.39664 0.07174
0.6972 0.45425 0.09196
0.92952 0.46764 0.0728
1.16184 0.41871 0.08168
1.3944 0.40987 0.08153
1.62672 0.40105 0.08616
1.85952 0.45425 0.05324
2.09232 0.51255 0.05388
2.32464 0.54877 0.06415
2.55744 0.53969 0.07881
2.79 0.60821 0.07991
3.02208 0.58069 0.0745
3.25512 0.55332 0.07903
3.4884 0.45425 0.08228
3.72144 0.53516 0.08858
3.95424 0.53969 0.11821
4.18656 0.57612 0.11909
4.41864 0.68235 0.1115
4.6512 0.72925 0.10742
4.88352 0.69638 0.10165
5.11608 0.7861 0.10344
5.34864 0.84358 0.09413
5.58096 0.67769 0.10633
5.81352 0.80519 0.1142
6.04632 0.79086 0.10353
6.27888 0.58069 0.12416
6.5112 0.58069 0.11423
6.74376 0.50804 0.12724
6.97656 0.51706 0.11277
7.20864 0.51255 0.09307
7.44096 0.50353 0.09779
7.67328 0.47211 0.11173
7.90536 0.43645 0.08198
23.54088 0.58985 0.13932
23.77344 0.55787 0.14831
24.00624 0.48107 0.10707
24.23928 0.49453 0.10737
24.47184 0.53516 0.10334
24.7044 0.53063 0.118
24.93696 0.61742 0.10507
25.16952 0.53516 0.08858
25.4028 0.49004 0.07314
25.63488 0.40105 0.0718
25.86744 0.34407 0.06622
26.09976 0.30503 0.06567
26.33184 0.30503 0.07505
26.56416 0.48107 0.06327
26.79672 0.48555 0.0682
27.26136 0.50353 0.05867
27.49392 0.40105 0.05266
27.72672 0.47211 0.07287
27.95976 0.44979 0.05319
28.19208 0.44979 0.08704
28.4244 0.46317 0.07274
28.65672 0.38344 0.08108
28.88928 0.40105 0.06702
29.12208 0.44979 0.07254
29.3544 0.31367 0.08929
29.58696 0.19825 0.0871
29.81976 0.23215 0.07851
30.05232 0.22365 0.07836
30.97752 0.42757 0.08664
31.20984 0.46317 0.08728
31.44312 0.37905 0.081
31.67568 0.37905 0.0953
31.90776 0.37467 0.08093
71.74416 0.71514 0.15813
72.05112 0.67303 0.14671
72.30912 0.64515 0.11068
72.54504 0.73868 0.12299
72.82776 0.6917 0.09647
73.06032 0.64052 0.13069
73.29264 0.61742 0.08506
73.52544 0.68235 0.10136
73.75872 0.64515 0.08553
73.99176 0.5261 0.08842
74.22456 0.59443 0.08965
74.87088 0.77183 0.06189
75.1032 0.81955 0.08329
75.336 0.8484 0.08375
75.5688 0.84358 0.09936
75.80064 0.83395 0.08352
76.03344 0.76708 0.0876
76.26648 0.69638 0.06607
76.49928 0.62665 0.06516
76.73184 0.73868 0.15886
76.9644 0.77658 0.10841
77.59464 0.60821 0.08989
77.82696 0.48555 0.09256
78.05928 0.51706 0.11767
78.29208 0.51255 0.09797
78.52464 0.51706 0.08825
78.7572 0.61282 0.06498
78.99 0.54877 0.07895
79.2228 0.3659 0.09028
79.45536 0.34843 0.09942
79.68768 0.24493 0.07409
79.92048 0.24066 0.09716
80.15328 0.17719 0.13689
95.418 0.16041 0.07274
95.67288 0.2279 0.07382
95.9052 0.0 0.05702
96.13752 0.12703 0.06318
96.36984 0.11873 0.07207
96.6024 0.10216 0.06732
97.06776 0.15204 0.04538
97.30032 0.16879 0.05466
97.53312 0.1856 0.05029
97.99848 0.18981 0.06864
98.23152 0.15622 0.07722
98.46456 0.11458 0.09001
98.69688 0.08154 0.09382
98.92992 0.1063 0.10332
99.16296 0.06101 0.08004
99.87096 0.01619 0.06603
100.10328 0.08154 0.08041
100.33536 0.12288 0.06763
100.56792 0.2067 0.08726
100.80144 0.19403 0.07786
101.03448 0.27488 0.08389
101.2668 0.30503 0.07975
101.73264 0.29639 0.08896
101.96544 0.34407 0.11825
102.8148 0.64515 0.08553
103.12944 0.71514 0.08672
103.362 0.91633 0.06893
103.59528 0.94571 0.1013
103.82784 1.0 0.10233
119.50368 0.86288 0.11022
119.736 0.77183 0.11863
119.96832 0.70575 0.1222
120.20088 0.67303 0.1113
120.4332 0.75286 0.11819
120.66576 0.77658 0.08776
120.89808 0.73868 0.10762
121.13136 0.71514 0.12753
121.36392 0.72454 0.10221
121.59624 0.67303 0.09106
121.8288 0.69638 0.10673
122.29368 0.60362 0.0948
122.526 0.71984 0.10211
122.7588 0.54877 0.07895
123.45816 0.52158 0.08833
123.69048 0.60821 0.0849
123.92328 0.58069 0.1043
124.38936 0.6917 0.06601
124.62144 0.60821 0.0849
125.35992 0.7576 0.14402
126.19968 0.48555 0.13153
126.55464 0.59443 0.09463
126.78696 0.68235 0.0963
127.01928 0.62203 0.07011
167.25 0.61742 0.16511
171.93912 0.70106 0.11191
172.17168 0.57155 0.10411
172.404 0.64052 0.0754
172.63632 0.64515 0.09559
172.86864 0.61742 0.08506
173.10096 0.70575 0.10692
173.33352 0.57155 0.11402
173.56584 0.70106 0.07122
173.79816 0.67303 0.09612
174.03048 0.64978 0.17625
175.16832 0.45425 0.08228
175.4016 0.58985 0.09951
175.6344 0.58069 0.11423
175.86648 0.44979 0.11122
176.0988 0.33102 0.24528
191.15688 0.39224 0.12423
191.38896 0.46317 0.12608
191.62128 0.59902 0.07477
191.85384 0.61742 0.09506
192.08664 0.51255 0.08327
192.31872 0.38344 0.10493
192.55104 0.43645 0.10127
192.7836 0.31367 0.08459
193.01616 0.32234 0.113
193.2492 0.24066 0.08328
193.48176 0.28347 0.08405
193.71432 0.24493 0.08799
193.94712 0.24493 0.09725
194.17944 0.2279 0.08766
194.412 0.1856 0.096
194.64576 0.29639 0.10769
194.87856 0.33972 0.08506
195.11136 0.30503 0.09851
195.34392 0.23641 0.07858
195.57624 0.22365 0.11524
195.80856 0.12288 0.08567
196.04112 0.13952 0.10861
196.27464 0.18139 0.09591
196.50744 0.32668 0.12253
196.73976 0.35716 0.07589
196.97208 0.40546 0.13416
197.43768 0.42757 0.12034
197.67 0.42757 0.10108
197.90256 0.44979 0.08221
198.13512 0.41871 0.1009
198.36792 0.43645 0.09645
198.60072 0.40105 0.08616
199.06584 0.29639 0.08428
199.29864 0.33102 0.09434
199.53144 0.37028 0.10939
199.76424 0.21941 0.0875
215.65152 0.59902 0.07976
215.88432 0.59443 0.06972
216.11664 0.56699 0.07925
216.34872 0.58985 0.07961
216.58056 0.64052 0.0754
216.81264 0.58069 0.0745
217.04496 0.56699 0.07925
217.27776 0.55332 0.05927
217.51056 0.47211 0.07773
217.74384 0.43201 0.06745
217.97832 0.49453 0.07809
218.21064 0.55787 0.05932
218.44344 0.51706 0.05884
218.676 0.57155 0.05949
218.90808 0.60821 0.05993
219.14112 0.58069 0.07947
219.37392 0.76708 0.06184
219.60744 0.65442 0.08064
219.84024 0.62203 0.16025
220.0728 0.82915 0.08866
220.30536 0.7576 0.08744
220.53816 0.77183 0.09284
220.77096 0.81476 0.11961
221.00328 0.79086 0.07247
221.23632 0.87256 0.08939
221.46864 0.77658 0.0826
221.7012 0.94571 0.13862
221.93448 0.97032 0.08034
222.16704 0.99009 0.08602
222.40008 0.95554 0.06944
222.63264 0.9408 0.12251
222.8652 0.95554 0.08012
223.09776 0.9261 0.08499
239.2068 0.34843 0.11362
239.44032 0.48107 0.12167
239.67288 0.54423 0.11832
241.13088 0.44979 0.0677
241.36296 0.54877 0.06909
241.59552 0.5261 0.08842
241.82832 0.41871 0.08168
242.06088 0.58527 0.0696
242.2932 0.50804 0.06362
242.526 0.51706 0.07354
242.75832 0.41429 0.072
242.99064 0.44979 0.07254
243.22296 0.37028 0.08085
243.45504 0.31801 0.08467
243.91968 0.30503 0.07975
244.152 0.33102 0.06604
244.38432 0.27917 0.06531
244.61712 0.32234 0.08004
245.08224 0.2663 0.06978
245.3148 0.13119 0.07679
245.54736 0.08566 0.08496
245.78016 0.2067 0.08726
246.01248 0.25347 0.09743
246.24576 0.19825 0.1146
246.47808 0.13535 0.09042
246.71064 0.17719 0.10951
246.94296 0.13119 0.09938
247.176 0.1063 0.08984
247.40832 0.17719 0.10495
247.64112 0.29208 0.10759
247.87392 0.18139 0.09591
