71.9784 0.84238 0.15154
72.28536 0.76022 0.16054
72.77928 0.81606 0.12208
73.06008 0.79736 0.12152
73.29312 0.64366 0.12081
73.5252 0.57605 0.09956
73.758 0.68334 0.10629
74.22408 0.54794 0.10264
74.45688 0.54094 0.08727
75.10344 0.7088 0.07528
75.33576 0.77875 0.09274
75.56832 0.78246 0.08475
75.8016 0.86507 0.09884
76.03368 0.78618 0.09695
76.266 0.72709 0.08757
76.49904 0.71611 0.08733
76.73184 0.75284 0.08012
77.82696 0.60437 0.15045
78.29208 0.46483 0.13386
78.75744 0.6329 0.13991
78.98976 0.61505 0.11605
79.22256 0.52003 0.10943
79.45512 0.48544 0.13834
79.68768 0.45458 0.11124
79.92024 0.39025 0.09838
80.1528 0.30404 0.12095
80.38584 0.43414 0.10694
95.65056 0.17852 0.10296
95.90568 0.2617 0.10545
96.13824 0.13455 0.09147
96.37032 0.21347 0.09014
96.60264 0.13143 0.10831
96.8352 0.08807 0.09356
97.06776 0.11899 0.08094
97.30032 0.12209 0.09451
97.53336 0.1004 0.0872
97.76592 0.15333 0.07835
97.99824 0.13143 0.09816
98.23128 0.21666 0.10063
98.46408 0.09115 0.09699
98.69688 0.06354 0.09951
98.92944 0.08192 0.09339
99.16248 0.06048 0.09942
99.39552 0.04526 0.09896
99.8712 0.02104 0.08841
100.10376 0.04526 0.08247
100.33584 0.0 0.08459
100.56816 0.05439 0.08269
101.03304 0.15019 0.08849
101.26704 0.12209 0.08101
101.49936 0.1659 0.08548
101.73216 0.22626 0.09743
101.96544 0.20709 0.10727
102.19824 0.21986 0.13893
103.0476 0.36017 0.0795
103.362 0.40707 0.10981
103.59504 0.56197 0.09157
103.82712 0.61505 0.10058
104.0604 0.65084 0.0937
119.73648 0.63648 0.1517
119.9688 0.53745 0.18196
120.20112 0.48888 0.14969
120.43368 0.64366 0.14419
120.66624 0.64725 0.12872
120.89856 0.71976 0.15098
121.13064 0.67609 0.11395
121.59672 0.71245 0.13087
121.82904 0.65444 0.1016
122.06136 0.72343 0.14316
122.52648 0.63648 0.10892
122.99112 0.55144 0.11795
123.69072 0.53047 0.10595
123.92328 0.57253 0.09182
124.15608 0.69423 0.09474
124.38912 0.59727 0.10397
124.62192 0.60793 0.10812
124.85448 0.6329 0.09716
125.12664 0.72709 0.09155
126.78744 0.54444 0.08355
127.01976 0.55495 0.07617
127.25208 0.56197 0.08012
