0.0 0.43075 0.17684
0.23304 0.26493 0.12314
0.46536 0.54794 0.15965
0.69744 0.42735 0.11042
0.93 0.482 0.08965
1.16232 0.3802 0.09811
1.3944 0.38355 0.10183
1.62696 0.3635 0.09404
1.85952 0.45799 0.06309
2.09184 0.44434 0.07765
2.32536 0.43414 0.07375
2.55744 0.52699 0.08317
2.79024 0.569 0.07262
3.0228 0.59727 0.06546
3.25488 0.57958 0.06899
3.48768 0.60793 0.08109
3.72096 0.59373 0.08848
3.95424 0.56197 0.06486
4.1868 0.5027 0.06761
4.41936 0.47169 0.07078
4.65144 0.59727 0.08856
4.884 0.70151 0.08305
5.11632 0.76392 0.0924
5.3484 0.75284 0.09214
5.5812 0.92237 0.09604
5.81352 0.77875 0.10887
6.04608 0.85749 0.08222
6.27912 1.0 0.08932
6.51168 0.71245 0.10311
6.744 0.73443 0.11166
6.97656 0.59019 0.09993
7.20912 0.55846 0.09911
7.44144 0.51309 0.09416
7.67376 0.59373 0.09233
7.90608 0.53047 0.10216
8.1384 0.50962 0.10913
8.37048 0.46826 0.10048
23.54136 0.30076 0.16349
23.77344 0.45458 0.15944
24.006 0.36017 0.12286
24.23904 0.33365 0.1112
24.47184 0.33695 0.08976
24.7044 0.37685 0.09076
24.93696 0.42058 0.0992
25.40232 0.45458 0.08157
25.63512 0.38355 0.07638
25.86768 0.41044 0.07328
26.10024 0.3502 0.09009
26.33232 0.31059 0.08197
26.56464 0.34689 0.07561
26.79696 0.3869 0.06916
27.02928 0.47169 0.06705
27.2616 0.43754 0.07751
27.49416 0.27142 0.08812
27.72648 0.47856 0.0821
27.95928 0.38355 0.07638
28.19256 0.45116 0.0852
28.42464 0.39361 0.08388
28.6572 0.41044 0.06595
28.88952 0.38355 0.07638
29.12184 0.36684 0.07964
29.35464 0.36684 0.06878
29.58744 0.31059 0.06772
29.81976 0.27792 0.08475
30.05232 0.21028 0.06235
30.28488 0.32375 0.08943
30.51768 0.21028 0.08313
31.21008 0.25523 0.08421
31.44264 0.30404 0.08182
31.67592 0.30731 0.08902
31.90824 0.25846 0.08428
32.14056 0.23911 0.10477
71.9784 0.84238 0.15154
72.28536 0.76022 0.16054
72.77928 0.81606 0.12208
73.06008 0.79736 0.12152
73.29312 0.64366 0.12081
73.5252 0.57605 0.09956
73.758 0.68334 0.10629
74.22408 0.54794 0.10264
74.45688 0.54094 0.08727
75.10344 0.7088 0.07528
75.33576 0.77875 0.09274
75.56832 0.78246 0.08475
75.8016 0.86507 0.09884
76.03368 0.78618 0.09695
76.266 0.72709 0.08757
76.49904 0.71611 0.08733
76.73184 0.75284 0.08012
77.82696 0.60437 0.15045
78.29208 0.46483 0.13386
78.75744 0.6329 0.13991
78.98976 0.61505 0.11605
79.22256 0.52003 0.10943
79.45512 0.48544 0.13834
79.68768 0.45458 0.11124
79.92024 0.39025 0.09838
80.1528 0.30404 0.12095
80.38584 0.43414 0.10694
95.65056 0.17852 0.10296
95.90568 0.2617 0.10545
96.13824 0.13455 0.09147
96.37032 0.21347 0.09014
96.60264 0.13143 0.10831
96.8352 0.08807 0.09356
97.06776 0.11899 0.08094
97.30032 0.12209 0.09451
97.53336 0.1004 0.0872
97.76592 0.15333 0.07835
97.99824 0.13143 0.09816
98.23128 0.21666 0.10063
98.46408 0.09115 0.09699
98.69688 0.06354 0.09951
98.92944 0.08192 0.09339
99.16248 0.06048 0.09942
99.39552 0.04526 0.09896
99.8712 0.02104 0.08841
100.10376 0.04526 0.08247
100.33584 0.0 0.08459
100.56816 0.05439 0.08269
101.03304 0.15019 0.08849
101.26704 0.12209 0.08101
101.49936 0.1659 0.08548
101.73216 0.22626 0.09743
101.96544 0.20709 0.10727
102.19824 0.21986 0.13893
103.0476 0.36017 0.0795
103.362 0.40707 0.10981
103.59504 0.56197 0.09157
103.82712 0.61505 0.10058
104.0604 0.65084 0.0937
119.73648 0.63648 0.1517
119.9688 0.53745 0.18196
120.20112 0.48888 0.14969
120.43368 0.64366 0.14419
120.66624 0.64725 0.12872
120.89856 0.71976 0.15098
121.13064 0.67609 0.11395
121.59672 0.71245 0.13087
121.82904 0.65444 0.1016
122.06136 0.72343 0.14316
122.52648 0.63648 0.10892
122.99112 0.55144 0.11795
123.69072 0.53047 0.10595
123.92328 0.57253 0.09182
124.15608 0.69423 0.09474
124.38912 0.59727 0.10397
124.62192 0.60793 0.10812
124.85448 0.6329 0.09716
125.12664 0.72709 0.09155
126.78744 0.54444 0.08355
127.01976 0.55495 0.07617
127.25208 0.56197 0.08012
167.4828 0.55495 0.12567
167.7876 0.71245 0.12691
172.17168 0.86128 0.09464
172.40424 0.58665 0.08832
172.6368 0.55144 0.09512
172.86912 0.61505 0.08124
173.1012 0.62932 0.09318
173.33352 0.79736 0.09317
173.56632 0.7381 0.11176
173.79864 0.65804 0.10561
174.0312 0.68334 0.08661
174.26328 0.63648 0.11281
175.40088 0.569 0.09938
175.63416 0.60437 0.10416
175.86696 0.70515 0.10292
176.09928 0.49924 0.10132
176.3316 0.42735 0.09938
191.15736 0.252 0.15774
191.38944 0.04222 0.12523
191.62176 0.29749 0.11363
191.85408 0.42397 0.12503
192.08664 0.49578 0.10873
192.31944 0.54094 0.11003
192.55176 0.47169 0.1043
192.78384 0.37017 0.10146
193.0164 0.34689 0.11881
193.24896 0.32375 0.10374
193.48152 0.36017 0.10479
193.71456 0.252 0.09464
193.94688 0.29422 0.10643
194.17992 0.34357 0.10791
194.41224 0.28117 0.10604
194.64456 0.24554 0.09097
194.87808 0.31388 0.08561
195.11112 0.2617 0.09139
195.34416 0.36684 0.10137
195.57648 0.33034 0.08959
195.8088 0.22947 0.09055
196.04112 0.18485 0.09627
196.27416 0.18168 0.10649
196.50696 0.23589 0.10119
196.74 0.252 0.09464
196.97232 0.26493 0.09499
197.20488 0.25846 0.11589
197.43768 0.21347 0.10054
197.67024 0.34689 0.09001
198.13536 0.35352 0.09378
198.36792 0.29422 0.08514
198.60096 0.30731 0.08902
198.83352 0.31059 0.0891
199.06608 0.25523 0.09473
199.2984 0.25846 0.0878
199.53096 0.21347 0.0936
199.76424 0.2617 0.09842
199.9968 0.29095 0.10279
200.22936 0.17536 0.10629
215.88384 0.57253 0.12243
216.11664 0.46141 0.13002
216.34944 0.47169 0.11548
216.58176 0.5027 0.10141
216.8136 0.47169 0.11175
217.04544 0.54794 0.10264
217.27776 0.52003 0.09433
217.51032 0.5027 0.0939
217.74336 0.41382 0.08435
217.97592 0.52351 0.09064
218.21112 0.57253 0.088
218.44344 0.57958 0.08432
218.9088 0.53396 0.07953
219.14088 0.50962 0.08655
219.37344 0.61149 0.08116
219.60648 0.84238 0.13926
219.84 0.71976 0.13111
220.0728 0.78246 0.16547
220.3056 0.80483 0.10551
220.53792 0.81606 0.10987
220.77072 0.87267 0.14028
221.00352 0.76762 0.09248
221.23608 0.74178 0.13184
221.46912 0.78246 0.08475
221.70144 0.7899 0.07682
221.934 0.80857 0.07718
222.16704 0.86507 0.09061
222.39984 0.82732 0.08161
222.63264 0.81231 0.07725
222.86544 0.92237 0.07934
223.098 0.90701 0.07905
223.56336 0.89553 0.07883
239.67288 0.21666 0.14227
239.90544 0.15961 0.14676
241.36368 0.42397 0.11032
241.59576 0.52699 0.09829
241.82808 0.52003 0.09811
242.06088 0.28769 0.09207
242.29344 0.482 0.08965
242.7588 0.34357 0.08992
242.99112 0.4172 0.09176
243.22344 0.44434 0.09244
243.45552 0.32375 0.08943
243.91992 0.27792 0.08122
244.15248 0.26493 0.08444
244.3848 0.28443 0.07429
244.61688 0.24232 0.0839
244.84992 0.21347 0.0728
245.082 0.21986 0.08336
245.31456 0.24877 0.08405
245.54736 0.15647 0.08866
245.78016 0.16905 0.08898
246.01272 0.14393 0.08833
246.24528 0.22306 0.09039
246.47784 0.19119 0.08267
246.71064 0.20072 0.10708
246.9432 0.13767 0.09834
247.17552 0.15333 0.09198
247.40832 0.09731 0.09382
247.64112 0.06965 0.09304
247.87368 0.11588 0.10445
248.10648 0.10658 0.1176
