0.0 0.43075 0.17684
0.23304 0.26493 0.12314
0.46536 0.54794 0.15965
0.69744 0.42735 0.11042
0.93 0.482 0.08965
1.16232 0.3802 0.09811
1.3944 0.38355 0.10183
1.62696 0.3635 0.09404
1.85952 0.45799 0.06309
2.09184 0.44434 0.07765
2.32536 0.43414 0.07375
2.55744 0.52699 0.08317
2.79024 0.569 0.07262
3.0228 0.59727 0.06546
3.25488 0.57958 0.06899
3.48768 0.60793 0.08109
3.72096 0.59373 0.08848
3.95424 0.56197 0.06486
4.1868 0.5027 0.06761
4.41936 0.47169 0.07078
4.65144 0.59727 0.08856
4.884 0.70151 0.08305
5.11632 0.76392 0.0924
5.3484 0.75284 0.09214
5.5812 0.92237 0.09604
5.81352 0.77875 0.10887
6.04608 0.85749 0.08222
6.27912 1.0 0.08932
6.51168 0.71245 0.10311
6.744 0.73443 0.11166
6.97656 0.59019 0.09993
7.20912 0.55846 0.09911
7.44144 0.51309 0.09416
7.67376 0.59373 0.09233
7.90608 0.53047 0.10216
8.1384 0.50962 0.10913
8.37048 0.46826 0.10048
