0.0 0.36936 0.15705
0.916 0.43214 0.22712
1.831 0.49492 0.28209
2.747 0.55769 0.32462
3.662 0.62024 0.27037
4.578 0.68274 0.15744
5.493 0.74524 0.01041
6.409 0.73417 0.06139
7.324 0.70728 0.02244
8.24 0.68039 0.01416
9.155 0.65349 0.04849
10.071 0.6266 0.08062
10.986 0.59971 0.11062
11.902 0.57282 0.13858
12.817 0.54592 0.16458
13.733 0.51903 0.18872
14.648 0.49214 0.21108
15.564 0.46524 0.23176
16.479 0.43835 0.25085
17.395 0.41146 0.26846
18.31 0.38456 0.28467
19.226 0.35767 0.29957
20.141 0.34513 0.30888
21.057 0.35488 0.31101
21.972 0.36462 0.31311
22.888 0.37436 0.31518
23.804 0.38411 0.31722
24.719 0.39385 0.31924
25.635 0.40359 0.32123
26.55 0.41334 0.32319
27.466 0.42308 0.32512
28.381 0.41645 0.38933
29.297 0.3805 0.42741
30.212 0.24472 0.36685
31.128 0.2695 0.41929
32.043 0.26658 0.43579
32.959 0.26956 0.43993
33.874 0.28317 0.44226
34.79 0.29988 0.44226
35.705 0.31659 0.44225
36.621 0.3333 0.44225
37.536 0.35001 0.44224
38.452 0.36672 0.44224
39.367 0.38343 0.44224
40.283 0.40014 0.44223
41.198 0.41686 0.44223
42.114 0.43357 0.44222
43.029 0.45028 0.44222
43.945 0.46699 0.44221
44.861 0.4837 0.44221
45.776 0.50041 0.44221
46.692 0.51713 0.4422
47.607 0.53384 0.4422
48.523 0.55055 0.44219
49.438 0.56726 0.44219
50.354 0.58397 0.44218
51.269 0.60068 0.44218
52.185 0.61739 0.44217
53.1 0.63411 0.44217
54.016 0.65082 0.44217
54.931 0.66753 0.44216
55.847 0.68418 0.44053
56.762 0.70082 0.43801
57.678 0.71746 0.43503
58.593 0.7341 0.43152
59.509 0.75074 0.42739
60.424 0.76738 0.42251
61.34 0.78401 0.41677
62.255 0.79813 0.41082
63.171 0.8065 0.40601
64.086 0.81486 0.40069
65.002 0.82322 0.3948
65.917 0.83158 0.38828
66.833 0.83994 0.38107
67.749 0.8483 0.37312
68.664 0.85666 0.36433
69.58 0.86502 0.35464
70.495 0.87338 0.34397
71.411 0.88174 0.33222
72.326 0.85185 0.31146
73.242 0.7722 0.27531
74.157 0.69255 0.23099
75.073 0.79236 0.31046
75.988 0.86436 0.35509
76.904 0.79352 0.34597
77.819 0.68899 0.32655
78.735 0.58446 0.30392
79.65 0.47249 0.28122
80.566 0.4006 0.27026
81.481 0.38618 0.27535
82.397 0.37176 0.28032
83.312 0.35733 0.28515
84.228 0.34291 0.28987
85.143 0.32849 0.29446
86.059 0.31407 0.29893
86.974 0.29965 0.30329
87.89 0.28523 0.30754
88.805 0.27081 0.31167
89.721 0.25638 0.31569
90.637 0.24196 0.31961
91.552 0.22754 0.32343
92.468 0.21312 0.32714
93.383 0.1987 0.33076
94.299 0.18428 0.33428
95.214 0.16986 0.3377
96.13 0.15272 0.34587
97.045 0.13048 0.36148
97.961 0.10825 0.37493
98.876 0.03942 0.43746
99.792 0.0 0.45361
100.707 0.03696 0.45428
101.623 0.15818 0.45431
102.538 0.27134 0.45433
103.454 0.49565 0.45432
104.369 0.72245 0.45426
105.285 0.7607 0.45421
106.2 0.7913 0.45412
107.116 0.8176 0.45397
108.031 0.84014 0.45373
108.947 0.86016 0.45333
109.862 0.86923 0.45261
110.778 0.87797 0.45138
111.693 0.8867 0.44929
112.609 0.8948 0.4457
113.525 0.9029 0.4396
114.44 0.90149 0.43075
115.356 0.85904 0.4253
116.271 0.8151 0.41845
117.187 0.76743 0.40984
118.102 0.7182 0.39919
119.018 0.66897 0.38608
119.933 0.60015 0.36427
120.849 0.75099 0.44295
121.764 0.75568 0.44023
122.68 0.65185 0.42292
123.595 0.61551 0.39232
124.511 0.66912 0.36581
125.426 0.68795 0.37137
126.342 0.63139 0.42402
127.257 0.59509 0.43787
128.173 0.58865 0.43733
129.088 0.58411 0.43669
130.004 0.58451 0.43581
130.919 0.58491 0.43489
131.835 0.58532 0.43392
132.75 0.58572 0.4329
133.666 0.58612 0.43184
134.581 0.58652 0.43072
135.497 0.58692 0.42955
136.413 0.58817 0.42814
137.328 0.59033 0.42641
138.244 0.59248 0.42457
139.159 0.59464 0.42261
140.075 0.59679 0.42052
140.99 0.59895 0.4183
141.906 0.6011 0.41594
142.821 0.60326 0.41342
143.737 0.60541 0.41074
144.652 0.60757 0.4079
145.568 0.60972 0.40487
146.483 0.61187 0.40164
147.399 0.61403 0.39822
148.314 0.61618 0.39458
149.23 0.61834 0.39071
150.145 0.62049 0.3866
151.061 0.62265 0.38223
151.976 0.6248 0.37759
152.892 0.62696 0.37267
153.807 0.62911 0.36744
154.723 0.63127 0.36189
155.638 0.63342 0.35601
156.554 0.63557 0.34977
157.469 0.63773 0.34316
158.385 0.63988 0.33615
159.301 0.64204 0.32873
160.216 0.64419 0.32087
161.132 0.64635 0.31256
162.047 0.6485 0.30377
162.963 0.65066 0.29447
163.878 0.65281 0.28465
164.794 0.65497 0.27427
165.709 0.65712 0.26332
166.625 0.65927 0.25177
167.54 0.67283 0.22196
168.456 0.6986 0.1665
169.371 0.71964 0.11364
170.287 0.73673 0.06644
171.202 0.75381 0.01403
172.118 0.77083 0.04357
173.033 0.76678 0.1958
173.949 0.73154 0.38313
174.864 0.6796 0.37101
175.78 0.63023 0.28291
176.695 0.55859 0.05992
177.611 0.54504 0.05312
178.526 0.53149 0.04622
179.442 0.51794 0.03923
180.358 0.50439 0.03214
181.273 0.49083 0.02496
182.189 0.47728 0.01767
183.104 0.46373 0.01029
184.02 0.45018 0.00281
184.935 0.43663 0.00477
185.851 0.42308 0.01245
186.766 0.40953 0.02023
187.682 0.39598 0.02812
188.597 0.38242 0.0361
189.513 0.36887 0.04419
190.428 0.35532 0.05237
191.344 0.34201 0.04824
192.259 0.33068 0.0476
193.175 0.31934 0.12807
194.09 0.30801 0.19465
195.006 0.29667 0.24902
195.921 0.28534 0.29291
196.837 0.27613 0.32868
197.752 0.26802 0.35718
198.668 0.25992 0.37946
199.583 0.25254 0.38869
200.499 0.25103 0.39112
201.414 0.26674 0.38916
202.33 0.28245 0.38715
203.245 0.29816 0.38507
204.161 0.31387 0.38294
205.077 0.32958 0.38074
205.992 0.34529 0.37847
206.908 0.361 0.37614
207.823 0.37671 0.37374
208.739 0.39242 0.37127
209.654 0.40813 0.36872
210.57 0.42384 0.3661
211.485 0.43955 0.36341
212.401 0.45526 0.36064
213.316 0.47097 0.35778
214.232 0.48668 0.35485
215.147 0.50239 0.35182
216.063 0.5181 0.34871
216.978 0.53557 0.33784
217.894 0.56812 0.28448
218.809 0.65742 0.24728
219.725 0.75647 0.25104
220.64 0.83279 0.30554
221.556 0.88865 0.36018
222.471 0.94451 0.39536
223.387 0.98837 0.41414
224.302 0.99418 0.41781
225.218 1.0 0.42115
226.134 0.97568 0.41399
227.049 0.94317 0.40133
227.965 0.91211 0.38541
228.88 0.88255 0.36567
229.796 0.85298 0.34059
230.711 0.82342 0.30893
231.627 0.79386 0.26923
232.542 0.76429 0.21991
233.458 0.73473 0.15926
234.373 0.70517 0.08561
235.289 0.67561 0.00264
236.204 0.64604 0.10676
237.12 0.61648 0.22761
238.035 0.58692 0.36554
238.951 0.55736 0.52029
239.866 0.52688 0.66467
240.782 0.47435 0.25044
241.697 0.42181 0.04358
242.613 0.36927 0.2295
243.528 0.31673 0.33645
244.444 0.26419 0.3941
245.359 0.21165 0.424
246.275 0.15911 0.43918
247.19 0.10657 0.4468
