0.0 0.23937 0.23959
0.226 0.0 0.23959
0.452 0.15986 0.62028
0.678 0.23437 0.23959
0.904 0.30447 0.23959
1.129 0.18916 0.23959
1.355 0.16848 0.23959
1.581 0.14495 0.23959
1.807 0.2502 0.23959
2.033 0.26475 0.23959
2.259 0.24118 0.23959
2.485 0.33942 0.23959
2.711 0.43125 0.23959
2.937 0.47165 0.23959
3.162 0.4718 0.23959
3.388 0.48527 0.23959
3.614 0.49343 0.23959
3.84 0.46078 0.23959
4.066 0.39317 0.23959
4.292 0.32083 0.23959
4.518 0.37087 0.23959
4.744 0.55474 0.23959
4.969 0.67557 0.23959
5.195 0.7342 0.23959
5.421 0.78681 0.23959
5.647 0.91601 0.23959
5.873 0.75216 0.23959
6.099 0.91743 0.23959
6.325 1.0 0.23959
6.551 0.66411 0.23959
6.777 0.67455 0.23959
7.002 0.46869 0.23959
7.228 0.42433 0.23959
7.454 0.36645 0.23959
7.68 0.48076 0.23959
