0.0 0.36795 0.13986
0.46464 0.3775 0.13493
0.69696 0.41107 0.11491
0.92928 0.42552 0.10999
1.1616 0.46911 0.1109
1.39392 0.44969 0.09997
1.62648 0.43035 0.07864
1.8588 0.40145 0.08863
2.09184 0.44485 0.06834
2.3244 0.49349 0.08489
2.5572 0.57722 0.07545
2.78976 0.49838 0.06903
3.02208 0.4594 0.06853
3.25464 0.50327 0.09036
3.4872 0.57722 0.1024
3.72096 0.59711 0.08655
3.95352 0.49838 0.09028
4.18632 0.5673 0.09683
4.41864 0.60209 0.09745
4.65072 0.5673 0.09145
4.88328 0.60708 0.08671
5.1156 0.79494 0.0841
5.34816 0.92026 0.08598
5.58072 0.84161 0.11873
5.81304 0.82082 0.09576
6.04584 0.93083 0.09189
6.27864 0.88342 0.10252
6.51096 0.71801 0.11613
6.74352 0.46911 0.10562
6.97584 0.46911 0.08978
7.20864 0.5574 0.11276
7.44072 0.4594 0.07907
7.67304 0.51307 0.10118
7.90536 0.30159 0.0767
8.13744 0.44969 0.09997
23.30832 0.74353 0.21667
23.54064 0.78977 0.28569
23.77296 0.74865 0.25023
24.00576 0.59213 0.22697
24.23832 0.49838 0.21242
24.47136 0.5574 0.16645
24.70392 0.5574 0.21478
24.93648 0.43035 0.16776
25.16928 0.58715 0.09718
25.40184 0.38707 0.09878
25.63464 0.40145 0.09384
25.86696 0.26872 0.08637
26.09952 0.23607 0.08582
26.3316 0.28278 0.08152
26.56392 0.26872 0.09145
26.79648 0.47885 0.08994
27.0288 0.49838 0.08497
27.26112 0.31574 0.06666
27.49344 0.3489 0.0929
27.72624 0.34415 0.0825
27.95904 0.39186 0.08326
28.19184 0.3775 0.06746
28.42416 0.41107 0.09924
28.65648 0.35842 0.07756
28.88904 0.39186 0.09887
29.1216 0.34415 0.08765
29.35392 0.3394 0.07212
29.58672 0.26405 0.09137
29.81904 0.18979 0.09003
30.05184 0.16223 0.08456
30.2844 0.23143 0.12104
30.97728 0.3063 0.08701
31.2096 0.3394 0.10303
31.44192 0.36318 0.10868
31.67544 0.27809 0.11198
31.90752 0.35366 0.10848
71.51208 0.8312 0.18058
71.7468 0.7589 0.23398
72.05376 0.81045 0.16867
72.31176 0.58218 0.19419
72.54768 0.67741 0.13724
72.82728 0.79494 0.1626
73.06008 0.61207 0.15187
73.2924 0.63209 0.17421
73.52496 0.5574 0.13423
73.75752 0.65219 0.1366
73.99104 0.64716 0.1474
74.22384 0.53765 0.12304
74.8704 0.74865 0.10009
75.10296 0.82601 0.11276
75.33528 0.71801 0.12166
75.56808 0.8364 0.10732
75.80064 0.86247 0.10781
76.26528 0.76404 0.1171
76.4988 0.69767 0.1157
76.7316 0.64213 0.17453
76.96416 0.71801 0.19355
77.19648 0.63711 0.11988
77.59392 0.5673 0.10759
78.05904 0.55246 0.14484
78.5244 0.62207 0.10325
78.75672 0.62708 0.10878
78.98928 0.53765 0.10164
79.22232 0.47885 0.08994
79.45464 0.39186 0.11448
79.6872 0.38228 0.07791
79.91976 0.3775 0.09341
80.1528 0.37272 0.08296
95.41728 0.18519 0.06496
95.67264 0.13026 0.07908
95.9052 0.2547 0.06587
96.13728 0.05348 0.07298
96.3696 0.03559 0.07756
96.60216 0.14394 0.08425
96.83472 0.08495 0.07345
97.06704 0.09398 0.06868
97.30008 0.10755 0.07379
97.76544 0.1485 0.09921
97.998 0.18519 0.07995
98.23056 0.12116 0.09866
98.46336 0.08946 0.13724
98.69664 0.10302 0.11305
98.9292 0.0 0.11068
99.63816 0.01776 0.08694
99.87072 0.049 0.10694
100.10304 0.01776 0.14489
100.33536 0.04452 0.1117
100.56744 0.12116 0.1184
100.8 0.10755 0.09839
101.03376 0.1485 0.11905
101.26656 0.16681 0.12447
101.49912 0.27341 0.13222
101.73192 0.23607 0.10601
101.96496 0.29218 0.1174
102.19752 0.45454 0.13693
102.81408 0.57225 0.1023
103.12896 0.47398 0.10043
103.36152 0.7231 0.09963
103.59408 0.87817 0.10811
103.82736 0.8364 0.12426
104.05992 0.89392 0.13124
119.50344 0.7589 0.17827
119.73576 0.84161 0.12438
119.96808 0.70275 0.17647
120.20064 0.77432 0.13966
120.43296 0.80527 0.11796
120.66528 0.74865 0.12233
120.89784 0.78462 0.08955
121.13064 0.8677 0.09655
121.36368 0.8001 0.11224
121.596 0.8312 0.11286
121.82832 0.7589 0.12256
122.06088 0.78462 0.09514
122.29344 0.74865 0.11121
122.52576 0.70783 0.14352
122.75808 0.70275 0.07721
123.45768 0.58218 0.08631
123.69024 0.65219 0.08743
123.9228 0.62207 0.08151
124.1556 0.63209 0.11433
124.38864 0.76917 0.10046
124.62144 0.7282 0.12188
125.1264 0.64213 0.11454
126.1992 0.47885 0.12698
126.5544 0.56235 0.09136
126.78672 0.66226 0.09306
127.01904 0.71292 0.10497
127.25112 0.75377 0.17254
167.24952 0.50327 0.15946
167.55432 0.7231 0.16605
171.93888 0.73842 0.11101
172.17096 0.63209 0.10344
172.40376 0.5673 0.07531
172.63608 0.62207 0.09238
172.8684 0.60209 0.09204
173.10048 0.64213 0.09817
173.33304 0.65219 0.08743
173.5656 0.60209 0.0758
173.79792 0.7589 0.11699
174.03024 0.70783 0.138
174.26256 0.58218 0.2751
175.40064 0.57225 0.09692
175.63368 0.52289 0.10136
175.86624 0.53273 0.12827
176.09856 0.48861 0.12721
191.38872 0.61207 0.14645
191.62104 0.56235 0.14511
191.85336 0.75377 0.09462
192.0864 0.66731 0.1315
192.31872 0.5673 0.11297
192.55104 0.46425 0.12135
192.7836 0.38707 0.09878
193.01592 0.48373 0.13239
193.24824 0.3489 0.13418
193.48128 0.29688 0.1175
193.71384 0.3489 0.14967
193.94664 0.3063 0.14331
194.1792 0.36318 0.12938
194.41152 0.22214 0.14096
194.64456 0.28278 0.13756
194.87808 0.43518 0.12069
195.11064 0.41107 0.13058
195.34344 0.3489 0.0929
195.576 0.21751 0.13077
195.80808 0.19901 0.12528
196.04112 0.11662 0.10843
196.27368 0.20363 0.13542
196.5072 0.18059 0.12481
196.73952 0.33466 0.12867
197.20416 0.32046 0.12831
197.4372 0.36795 0.1295
197.66976 0.39186 0.11969
197.90208 0.3063 0.12284
198.13488 0.38707 0.11958
198.36744 0.43035 0.14679
198.60024 0.4207 0.14128
198.83304 0.36795 0.1295
199.06536 0.35366 0.1498
199.29792 0.38707 0.15597
199.53096 0.34415 0.13406
199.76352 0.3775 0.1505
199.99632 0.28278 0.13756
215.65008 0.52289 0.13871
215.88384 0.60209 0.10828
216.11664 0.62708 0.11966
216.34848 0.45454 0.12113
216.58056 0.58715 0.08639
216.8124 0.5673 0.08607
217.04472 0.65722 0.09845
217.27728 0.50817 0.0798
217.51008 0.55246 0.10192
217.74288 0.51798 0.07462
218.2104 0.5673 0.07531
218.44296 0.58218 0.08091
218.67576 0.52289 0.07469
218.90784 0.57722 0.08623
219.14064 0.60708 0.07045
219.37296 0.6926 0.09358
219.60672 0.84161 0.0735
219.83976 0.7231 0.10517
220.30488 0.63711 0.14168
220.77048 0.73842 0.08326
221.00304 0.77432 0.10614
221.2356 0.78977 0.08403
221.4684 0.87817 0.06259
221.70072 0.85725 0.10205
221.93352 0.85725 0.18709
222.16656 0.96265 0.07507
222.39912 0.93083 0.09763
222.6324 0.92026 0.08025
222.86496 1.0 0.0988
223.09752 0.95733 0.16154
223.32984 0.97863 0.12739
223.56288 0.99465 0.11613
239.20632 0.40145 0.20332
239.43984 0.48373 0.18535
239.67264 0.52289 0.19206
241.13064 0.44485 0.05783
241.36296 0.54752 0.09111
241.59504 0.59213 0.09727
241.82784 0.47885 0.08994
242.06016 0.48373 0.09003
242.29272 0.50817 0.10108
242.52552 0.45454 0.08953
242.75808 0.57225 0.09153
242.9904 0.48373 0.10062
243.22248 0.46911 0.10562
243.4548 0.35366 0.09298
243.68712 0.3394 0.08242
243.91968 0.3394 0.09273
244.15176 0.31574 0.0923
244.38408 0.3063 0.08701
244.61664 0.38228 0.10389
244.84896 0.30159 0.0767
245.08176 0.24538 0.08092
245.31432 0.23607 0.07067
245.54712 0.16681 0.06472
245.77968 0.13026 0.08896
246.01224 0.27341 0.11188
246.24504 0.27809 0.11198
246.47784 0.27341 0.09662
246.71016 0.25004 0.10124
246.94248 0.21288 0.10552
247.17528 0.1485 0.11409
247.40808 0.23143 0.116
247.64064 0.21288 0.11557
247.87344 0.25004 0.12149
