0.0 0.38771 0.37768
0.879 0.43418 0.36824
1.758 0.48066 0.34917
2.637 0.52713 0.3112
3.516 0.57361 0.23767
4.395 0.62009 0.10208
5.274 0.66656 0.12879
6.153 0.691 0.33226
7.032 0.68596 0.37095
7.911 0.68091 0.411
8.79 0.67488 0.41913
9.669 0.66878 0.425
10.548 0.66268 0.4309
11.427 0.65658 0.43682
12.306 0.65048 0.44276
13.185 0.64437 0.44875
14.064 0.63827 0.45475
14.943 0.63217 0.46079
15.822 0.62607 0.46685
16.701 0.61997 0.47293
17.58 0.61387 0.47905
18.459 0.60777 0.48519
19.338 0.60167 0.49136
20.217 0.59557 0.49755
21.096 0.58946 0.50377
21.975 0.58336 0.51002
22.854 0.57726 0.5163
23.733 0.5545 0.41238
24.612 0.51658 0.2321
25.49 0.47866 0.08322
26.369 0.44073 0.03603
27.248 0.40281 0.1289
28.127 0.36488 0.19947
29.006 0.32696 0.25204
29.885 0.28903 0.29056
30.764 0.30794 0.30019
31.643 0.36316 0.29619
32.522 0.39151 0.29215
33.401 0.399 0.28953
34.28 0.40649 0.28684
35.159 0.41398 0.28409
36.038 0.42146 0.28126
36.917 0.42896 0.27835
37.796 0.43645 0.27537
38.675 0.44394 0.27232
39.554 0.45143 0.26918
40.433 0.45892 0.26597
41.312 0.46641 0.26267
42.191 0.4739 0.25928
43.07 0.48139 0.25581
43.949 0.48888 0.25226
44.828 0.49637 0.24861
45.707 0.50386 0.24487
46.586 0.51135 0.24103
47.465 0.51884 0.2371
48.344 0.52633 0.23308
49.223 0.53382 0.22895
50.102 0.54131 0.22472
50.981 0.5488 0.22038
51.86 0.55629 0.21594
52.739 0.56378 0.21139
53.618 0.57127 0.20673
54.497 0.57876 0.20196
55.376 0.58625 0.19707
56.255 0.59374 0.19207
57.134 0.60123 0.18694
58.013 0.60872 0.1817
58.892 0.61621 0.17633
59.771 0.6237 0.17083
60.65 0.63119 0.16521
61.529 0.63868 0.15945
62.408 0.64617 0.15357
63.287 0.65366 0.14755
64.166 0.66115 0.14139
65.045 0.66864 0.13509
65.924 0.67613 0.12865
66.803 0.68362 0.12207
67.682 0.69111 0.11533
68.561 0.6986 0.10846
69.44 0.70609 0.10143
70.319 0.71358 0.09425
71.198 0.72107 0.08691
72.077 0.72856 0.07941
72.956 0.73605 0.07176
73.835 0.74354 0.06394
74.713 0.75103 0.05596
75.592 0.75853 0.04782
76.471 0.71966 0.14462
77.35 0.66396 0.23096
78.229 0.6001 0.25931
79.108 0.51575 0.28834
79.987 0.41395 0.31482
80.866 0.37368 0.28354
81.745 0.34699 0.21687
82.624 0.3203 0.11269
83.503 0.2936 0.04301
84.382 0.26691 0.26255
85.261 0.24022 0.55196
86.14 0.21353 0.90815
87.019 0.18684 1.32042
87.898 0.16015 1.77486
88.777 0.13346 0.25277
89.656 0.10677 0.75527
90.535 0.08007 1.26963
91.414 0.05338 1.79121
92.293 0.02669 0.3115
93.172 0.0 0.84
94.051 0.02759 1.03928
94.93 0.06035 1.18523
95.809 0.09311 0.00973
96.688 0.12587 0.32658
97.567 0.16689 0.37822
98.446 0.12864 0.38437
99.325 0.0484 0.38522
100.204 0.05697 0.38472
101.083 0.17791 0.37898
101.962 0.34299 0.31505
102.841 0.5557 0.14322
103.72 0.85983 0.35526
104.599 0.9147 0.38322
105.478 0.91272 0.38241
106.357 0.91075 0.38141
107.236 0.90809 0.38018
108.115 0.89917 0.37873
108.994 0.89025 0.37696
109.873 0.88133 0.37481
110.752 0.87241 0.37219
111.631 0.86355 0.369
112.51 0.85469 0.36511
113.389 0.84583 0.36039
114.268 0.83697 0.35466
115.147 0.82812 0.3477
116.026 0.81926 0.33928
116.905 0.8104 0.32909
117.784 0.80154 0.31679
118.663 0.79207 0.30266
119.542 0.78875 0.28876
120.421 0.80218 0.32778
121.3 0.84315 0.37065
122.179 0.78092 0.38083
123.058 0.67423 0.38046
123.937 0.66881 0.35131
124.815 0.70782 0.24291
125.694 0.693 0.13479
126.573 0.68348 0.03521
127.452 0.68276 0.0348
128.331 0.68205 0.03439
129.21 0.68133 0.03399
130.089 0.68062 0.03358
130.968 0.6799 0.03317
131.847 0.67919 0.03277
132.726 0.67848 0.03236
133.605 0.67776 0.03195
134.484 0.67705 0.03154
135.363 0.67633 0.03113
136.242 0.67562 0.03072
137.121 0.67491 0.03031
138.0 0.67419 0.0299
138.879 0.67346 0.02948
139.758 0.67273 0.02905
140.637 0.672 0.02863
141.516 0.67127 0.0282
142.395 0.67055 0.02777
143.274 0.66982 0.02735
144.153 0.66909 0.02692
145.032 0.66836 0.02649
145.911 0.66763 0.02607
146.79 0.6669 0.02564
147.669 0.66617 0.02521
148.548 0.66544 0.02478
149.427 0.66471 0.02435
150.306 0.66398 0.02392
151.185 0.66325 0.02349
152.064 0.66252 0.02306
152.943 0.66179 0.02263
153.822 0.66106 0.0222
154.701 0.66033 0.02177
155.58 0.65961 0.02133
156.459 0.65888 0.0209
157.338 0.65815 0.02047
158.217 0.65742 0.02003
159.096 0.65669 0.0196
159.975 0.65596 0.01916
160.854 0.65523 0.01873
161.733 0.6545 0.01829
162.612 0.65377 0.01786
163.491 0.65304 0.01742
164.37 0.65231 0.01699
165.249 0.65158 0.01655
166.128 0.65085 0.01611
167.007 0.65012 0.01567
167.886 0.6511 0.05919
168.765 0.652 0.10981
169.644 0.65291 0.15351
170.523 0.65381 0.19097
171.402 0.65471 0.2229
172.281 0.65153 0.25958
173.16 0.65924 0.27364
174.038 0.68171 0.28009
174.917 0.60649 0.3696
175.796 0.54346 0.3831
176.675 0.49513 0.38558
177.554 0.46953 0.38613
178.433 0.48094 0.386
179.312 0.49331 0.38582
180.191 0.50569 0.38559
181.07 0.51807 0.38531
181.949 0.53044 0.38497
182.828 0.54282 0.38454
183.707 0.5552 0.38402
184.586 0.56757 0.38338
185.465 0.57995 0.38258
186.344 0.59233 0.3816
187.223 0.6047 0.38038
188.102 0.61708 0.37889
188.981 0.62946 0.37705
189.86 0.64183 0.37478
190.739 0.65421 0.37199
191.618 0.61099 0.20827
192.497 0.53602 0.05844
193.376 0.45559 0.08433
194.255 0.37516 0.10845
195.134 0.29474 0.13088
196.013 0.22282 0.15938
196.892 0.30516 0.27636
197.771 0.3875 0.33478
198.65 0.42024 0.36049
199.529 0.37211 0.37155
200.408 0.34846 0.3752
201.287 0.36187 0.37346
202.166 0.37528 0.37145
203.045 0.3887 0.36914
203.924 0.40211 0.3665
204.803 0.41552 0.36346
205.682 0.42893 0.35996
206.561 0.44234 0.35596
207.44 0.45576 0.35137
208.319 0.46917 0.3461
209.198 0.48258 0.34007
210.077 0.49599 0.33318
210.956 0.5094 0.32529
211.835 0.52282 0.31629
212.714 0.53623 0.30602
213.593 0.54964 0.29432
214.472 0.56305 0.28101
215.351 0.57646 0.2659
216.23 0.58988 0.24878
217.109 0.58426 0.26063
217.988 0.56497 0.29155
218.867 0.61915 0.2349
219.746 0.69968 -0.18192
220.625 0.74077 0.31757
221.504 0.87072 0.36355
222.383 0.95636 0.37179
223.261 1.0 0.37287
224.14 0.98831 0.37093
225.019 0.96382 0.36878
225.898 0.93933 0.36636
226.777 0.91484 0.3636
227.656 0.89035 0.36049
228.535 0.86586 0.35695
229.414 0.84137 0.35296
230.293 0.81688 0.34843
231.172 0.79239 0.34332
232.051 0.7679 0.33753
232.93 0.74341 0.331
233.809 0.71893 0.32363
234.688 0.69444 0.31533
235.567 0.66994 0.30597
236.446 0.64546 0.29544
237.325 0.62097 0.28361
238.204 0.59648 0.27033
239.083 0.57286 0.25514
239.962 0.54984 0.23786
240.841 0.52683 0.21849
241.72 0.50381 0.19684
242.599 0.4808 0.17269
243.478 0.41595 0.2146
244.357 0.34204 0.25869
245.236 0.26812 0.29202
246.115 0.25 0.30353
246.994 0.24899 0.30973
