0.0 0.36795 0.13986
0.46464 0.3775 0.13493
0.69696 0.41107 0.11491
0.92928 0.42552 0.10999
1.1616 0.46911 0.1109
1.39392 0.44969 0.09997
1.62648 0.43035 0.07864
1.8588 0.40145 0.08863
2.09184 0.44485 0.06834
2.3244 0.49349 0.08489
2.5572 0.57722 0.07545
2.78976 0.49838 0.06903
3.02208 0.4594 0.06853
3.25464 0.50327 0.09036
3.4872 0.57722 0.1024
3.72096 0.59711 0.08655
3.95352 0.49838 0.09028
4.18632 0.5673 0.09683
4.41864 0.60209 0.09745
4.65072 0.5673 0.09145
4.88328 0.60708 0.08671
5.1156 0.79494 0.0841
5.34816 0.92026 0.08598
5.58072 0.84161 0.11873
5.81304 0.82082 0.09576
6.04584 0.93083 0.09189
6.27864 0.88342 0.10252
6.51096 0.71801 0.11613
6.74352 0.46911 0.10562
6.97584 0.46911 0.08978
7.20864 0.5574 0.11276
7.44072 0.4594 0.07907
7.67304 0.51307 0.10118
7.90536 0.30159 0.0767
8.13744 0.44969 0.09997
