0.0 0.0 2e-05
0.232 0.01026 2e-05
0.465 0.01699 2e-05
0.697 0.07673 2e-05
0.93 0.10245 2e-05
1.162 0.17989 2e-05
1.395 0.14521 2e-05
1.627 0.11064 2e-05
1.86 0.05939 2e-05
2.093 0.13699 2e-05
2.325 0.22351 2e-05
2.558 0.37232 2e-05
2.79 0.23189 2e-05
3.023 0.16247 2e-05
3.255 0.24058 2e-05
3.488 0.37231 2e-05
3.72 0.4081 2e-05
3.953 0.23306 2e-05
4.185 0.35382 2e-05
4.418 0.41647 2e-05
4.65 0.35467 2e-05
4.883 0.42437 2e-05
5.115 0.758 2e-05
5.347 0.98132 2e-05
5.58 0.84215 2e-05
5.812 0.80501 2e-05
6.045 1.0 2e-05
6.278 0.91712 2e-05
6.51 0.62355 2e-05
6.742 0.17993 2e-05
6.975 0.17986 2e-05
7.208 0.33705 2e-05
7.44 0.16215 2e-05
7.673 0.25884 2e-05
