71.51208 0.8312 0.18058
71.7468 0.7589 0.23398
72.05376 0.81045 0.16867
72.31176 0.58218 0.19419
72.54768 0.67741 0.13724
72.82728 0.79494 0.1626
73.06008 0.61207 0.15187
73.2924 0.63209 0.17421
73.52496 0.5574 0.13423
73.75752 0.65219 0.1366
73.99104 0.64716 0.1474
74.22384 0.53765 0.12304
74.8704 0.74865 0.10009
75.10296 0.82601 0.11276
75.33528 0.71801 0.12166
75.56808 0.8364 0.10732
75.80064 0.86247 0.10781
76.26528 0.76404 0.1171
76.4988 0.69767 0.1157
76.7316 0.64213 0.17453
76.96416 0.71801 0.19355
77.19648 0.63711 0.11988
77.59392 0.5673 0.10759
78.05904 0.55246 0.14484
78.5244 0.62207 0.10325
78.75672 0.62708 0.10878
78.98928 0.53765 0.10164
79.22232 0.47885 0.08994
79.45464 0.39186 0.11448
79.6872 0.38228 0.07791
79.91976 0.3775 0.09341
80.1528 0.37272 0.08296
95.41728 0.18519 0.06496
95.67264 0.13026 0.07908
95.9052 0.2547 0.06587
96.13728 0.05348 0.07298
96.3696 0.03559 0.07756
96.60216 0.14394 0.08425
96.83472 0.08495 0.07345
97.06704 0.09398 0.06868
97.30008 0.10755 0.07379
97.76544 0.1485 0.09921
97.998 0.18519 0.07995
98.23056 0.12116 0.09866
98.46336 0.08946 0.13724
98.69664 0.10302 0.11305
98.9292 0.0 0.11068
99.63816 0.01776 0.08694
99.87072 0.049 0.10694
100.10304 0.01776 0.14489
100.33536 0.04452 0.1117
100.56744 0.12116 0.1184
100.8 0.10755 0.09839
101.03376 0.1485 0.11905
101.26656 0.16681 0.12447
101.49912 0.27341 0.13222
101.73192 0.23607 0.10601
101.96496 0.29218 0.1174
102.19752 0.45454 0.13693
102.81408 0.57225 0.1023
103.12896 0.47398 0.10043
103.36152 0.7231 0.09963
103.59408 0.87817 0.10811
103.82736 0.8364 0.12426
104.05992 0.89392 0.13124
119.50344 0.7589 0.17827
119.73576 0.84161 0.12438
119.96808 0.70275 0.17647
120.20064 0.77432 0.13966
120.43296 0.80527 0.11796
120.66528 0.74865 0.12233
120.89784 0.78462 0.08955
121.13064 0.8677 0.09655
121.36368 0.8001 0.11224
121.596 0.8312 0.11286
121.82832 0.7589 0.12256
122.06088 0.78462 0.09514
122.29344 0.74865 0.11121
122.52576 0.70783 0.14352
122.75808 0.70275 0.07721
123.45768 0.58218 0.08631
123.69024 0.65219 0.08743
123.9228 0.62207 0.08151
124.1556 0.63209 0.11433
124.38864 0.76917 0.10046
124.62144 0.7282 0.12188
125.1264 0.64213 0.11454
126.1992 0.47885 0.12698
126.5544 0.56235 0.09136
126.78672 0.66226 0.09306
127.01904 0.71292 0.10497
127.25112 0.75377 0.17254
