0.00 1.8184515e+01 3.1809386e-02
0.04 1.8216503e+01 3.2423846e-02
2.97 1.8245770e+01 3.3001464e-02
3.01 1.8285685e+01 3.3813719e-02
9.01 1.8229467e+01 3.2677870e-02
24.96 1.8312191e+01 3.4369104e-02
28.00 1.8301184e+01 3.4136910e-02
32.91 1.8296215e+01 3.4032825e-02
32.91 1.8242081e+01 3.2927841e-02
33.88 1.8280420e+01 3.3704948e-02
33.99 1.8423725e+01 3.6852691e-02
39.89 1.8285614e+01 3.3812258e-02
45.88 1.8172524e+01 3.1583510e-02
52.88 1.8066761e+01 2.9692428e-02
55.94 1.8030766e+01 2.9088575e-02
59.94 1.8110786e+01 3.0457981e-02
59.94 1.8115520e+01 3.0542100e-02
64.87 1.8053652e+01 2.9470243e-02
64.87 1.8136772e+01 3.0924177e-02
66.92 1.8168991e+01 3.1517431e-02
71.90 1.8099878e+01 3.0265486e-02
74.88 1.8158985e+01 3.1331360e-02
80.92 1.8106535e+01 3.0382736e-02
83.88 1.8074123e+01 2.9818362e-02
86.86 1.8072577e+01 2.9791823e-02
89.86 1.8118759e+01 3.0599870e-02
92.84 1.8034031e+01 2.9142547e-02
95.84 1.7976437e+01 2.8213380e-02
98.92 1.8018593e+01 2.8888730e-02
101.86 1.8001080e+01 2.8605048e-02
104.89 1.8044996e+01 2.9324966e-02
117.84 1.8119377e+01 3.0610900e-02
130.85 1.8184147e+01 3.1802412e-02
133.84 1.8217274e+01 3.2438856e-02
145.82 1.8162161e+01 3.1390235e-02
149.81 1.8215622e+01 3.2406665e-02
262.18 1.8041252e+01 2.9262470e-02
263.22 1.8032492e+01 2.9117089e-02
263.22 1.8077547e+01 2.9877204e-02
269.18 1.8075199e+01 2.9836822e-02
269.18 1.8050724e+01 2.9420976e-02
270.19 1.8032440e+01 2.9116221e-02
278.18 1.8149326e+01 3.1153331e-02
284.22 1.8102934e+01 3.0319216e-02
284.22 1.8110567e+01 3.0454090e-02
285.16 1.8172325e+01 3.1579778e-02
289.16 1.8157555e+01 3.1304896e-02
289.16 1.8106175e+01 3.0376354e-02
290.19 1.8195843e+01 3.2024980e-02
291.21 1.8170200e+01 3.1540021e-02
291.21 1.8213303e+01 3.2361574e-02
292.19 1.8170281e+01 3.1541515e-02
300.16 1.8175518e+01 3.1639691e-02
300.16 1.8164314e+01 3.1430244e-02
303.17 1.8075699e+01 2.9845403e-02
303.17 1.8121296e+01 3.0645227e-02
304.17 1.8139322e+01 3.0970531e-02
305.15 1.8195518e+01 3.2018777e-02
305.19 1.8158062e+01 3.1314287e-02
307.20 1.8111918e+01 3.0478053e-02
309.15 1.8118603e+01 3.0597078e-02
309.16 1.8167389e+01 3.1487525e-02
309.16 1.8124678e+01 3.0705860e-02
320.10 1.8143528e+01 3.1047182e-02
320.16 1.8140677e+01 3.0995183e-02
320.16 1.8147654e+01 3.1122631e-02
322.10 1.8143520e+01 3.1047028e-02
324.12 1.8081507e+01 2.9945474e-02
324.12 1.8132009e+01 3.0837923e-02
331.96 1.8175028e+01 3.1630490e-02
337.05 1.8213610e+01 3.2367527e-02
345.02 1.8154854e+01 3.1255014e-02
358.98 1.8272343e+01 3.3539031e-02
359.98 1.8458420e+01 3.7675776e-02
364.96 1.8417005e+01 3.6696117e-02
364.96 1.8366043e+01 3.5538066e-02
365.92 1.8339499e+01 3.4954987e-02
370.00 1.8360020e+01 3.5404555e-02
370.00 1.8427906e+01 3.6950562e-02
370.98 1.8417383e+01 3.6704902e-02
372.98 1.8379192e+01 3.5831947e-02
372.98 1.8359541e+01 3.5393964e-02
377.97 1.8435135e+01 3.7120633e-02
377.97 1.8381273e+01 3.5878781e-02
378.98 1.8394228e+01 3.6172166e-02
380.02 1.8451231e+01 3.7503201e-02
381.02 1.8405640e+01 3.6433380e-02
381.03 1.8325289e+01 3.4648374e-02
381.96 1.8407024e+01 3.6465235e-02
383.94 1.8444588e+01 3.7344661e-02
383.94 1.8422096e+01 3.6814664e-02
385.00 1.8456547e+01 3.7630711e-02
388.94 1.8377857e+01 3.5801955e-02
390.09 1.8399965e+01 3.6303170e-02
391.90 1.8440586e+01 3.7249599e-02
393.90 1.8385323e+01 3.5970133e-02
393.90 1.8436785e+01 3.7159599e-02
394.96 1.8421812e+01 3.6808018e-02
397.90 1.8477316e+01 3.8134571e-02
397.90 1.8399500e+01 3.6292501e-02
398.90 1.8454937e+01 3.7592012e-02
404.05 1.8393456e+01 3.6154579e-02
409.92 1.8330770e+01 3.4766194e-02
413.89 1.8429272e+01 3.6982622e-02
416.90 1.8439115e+01 3.7214737e-02
425.88 1.8366570e+01 3.5549749e-02
425.88 1.8364288e+01 3.5499103e-02
430.92 1.8399815e+01 3.6299702e-02
430.92 1.8362274e+01 3.5454437e-02
431.90 1.8373968e+01 3.5714790e-02
432.86 1.8383991e+01 3.5940062e-02
433.92 1.8362896e+01 3.5468228e-02
433.92 1.8365198e+01 3.5519291e-02
434.90 1.8300278e+01 3.4117896e-02
435.87 1.8311384e+01 3.4352031e-02
436.90 1.8338936e+01 3.4942772e-02
436.90 1.8334562e+01 3.4848034e-02
437.86 1.8323336e+01 3.4606513e-02
438.85 1.8358578e+01 3.5372693e-02
439.86 1.8323276e+01 3.4605261e-02
439.86 1.8357578e+01 3.5350650e-02
442.88 1.8321337e+01 3.4563758e-02
448.84 1.8303286e+01 3.4181073e-02
451.91 1.8249985e+01 3.3085898e-02
454.86 1.8281641e+01 3.3730127e-02
462.86 1.8166382e+01 3.1468745e-02
465.87 1.8186775e+01 3.1852230e-02
471.87 1.8175713e+01 3.1643342e-02
474.84 1.8221045e+01 3.2512490e-02
474.85 1.8169304e+01 3.1523265e-02
475.93 1.8136633e+01 3.0921668e-02
476.84 1.8100998e+01 3.0285155e-02
477.84 1.7978603e+01 2.8247477e-02
477.84 1.8094353e+01 3.0168671e-02
479.84 1.8141602e+01 3.1012034e-02
480.84 1.8130669e+01 3.0813701e-02
480.84 1.8071964e+01 2.9781345e-02
482.85 1.8071663e+01 2.9776182e-02
483.84 1.8088386e+01 3.0064706e-02
483.85 1.8092485e+01 3.0136079e-02
485.86 1.8101070e+01 3.0286431e-02
487.86 1.8051310e+01 2.9430818e-02
491.88 1.7991043e+01 2.8444486e-02
603.20 1.7818523e+01 2.5900822e-02
626.22 1.8052704e+01 2.9454282e-02
629.23 1.7956354e+01 2.7900586e-02
633.21 1.8012829e+01 2.8794872e-02
644.21 1.7951567e+01 2.7826851e-02
648.21 1.7907639e+01 2.7164996e-02
648.23 1.7907616e+01 2.7164660e-02
651.19 1.7920277e+01 2.7352724e-02
654.23 1.7897282e+01 2.7012758e-02
661.12 1.7856905e+01 2.6432749e-02
669.14 1.7909073e+01 2.7186189e-02
670.12 1.7866203e+01 2.6564438e-02
673.14 1.7834412e+01 2.6118755e-02
673.14 1.7836548e+01 2.6148299e-02
675.19 1.7880999e+01 2.6776286e-02
677.15 1.7852102e+01 2.6365163e-02
678.15 1.7867378e+01 2.6581146e-02
679.16 1.7881809e+01 2.6787978e-02
679.17 1.7874542e+01 2.6683487e-02
681.17 1.7813515e+01 2.5832763e-02
682.15 1.7840090e+01 2.6197409e-02
683.15 1.7877209e+01 2.6721749e-02
685.15 1.7865984e+01 2.6561318e-02
686.19 1.7747995e+01 2.4970742e-02
692.02 1.7852623e+01 2.6372477e-02
692.02 1.7847126e+01 2.6295453e-02
693.08 1.7890888e+01 2.6919492e-02
696.11 1.7845898e+01 2.6278283e-02
698.03 1.7860298e+01 2.6480669e-02
701.02 1.7825638e+01 2.5998017e-02
701.04 1.7838596e+01 2.6176678e-02
702.11 1.7842272e+01 2.6227754e-02
704.00 1.7836403e+01 2.6146285e-02
704.00 1.7815769e+01 2.5863368e-02
706.02 1.7808365e+01 2.5763119e-02
709.10 1.7787098e+01 2.5478963e-02
709.10 1.7790077e+01 2.5518451e-02
710.17 1.7779079e+01 2.5373263e-02
711.17 1.7807335e+01 2.5749229e-02
712.14 1.7845077e+01 2.6266836e-02
712.14 1.7816505e+01 2.5873359e-02
713.11 1.7747282e+01 2.4961628e-02
733.96 1.7912449e+01 2.7236190e-02
733.97 1.7885563e+01 2.6842222e-02
735.06 1.7871716e+01 2.6643034e-02
735.06 1.7890545e+01 2.6914498e-02
738.05 1.7907225e+01 2.7158888e-02
738.06 1.7923937e+01 2.7407488e-02
739.11 1.7891293e+01 2.6925372e-02
739.12 1.7890125e+01 2.6908398e-02
741.08 1.7931770e+01 2.7525315e-02
741.08 1.7890404e+01 2.6912454e-02
742.11 1.7923500e+01 2.7400950e-02
742.11 1.7973503e+01 2.8167330e-02
751.96 1.8002586e+01 2.8629281e-02
751.96 1.8006855e+01 2.8698109e-02
752.98 1.8020699e+01 2.8923154e-02
752.98 1.7987904e+01 2.8394546e-02
754.03 1.8009541e+01 2.8741552e-02
760.01 1.7940887e+01 2.7663510e-02
760.01 1.7956135e+01 2.7897201e-02
760.95 1.7994881e+01 2.8505705e-02
760.96 1.8002968e+01 2.8635418e-02
760.98 1.7948484e+01 2.7779542e-02
761.02 1.7964554e+01 2.8027611e-02
762.01 1.8018372e+01 2.8885128e-02
762.92 1.7971539e+01 2.8136561e-02
762.92 1.7966740e+01 2.8061641e-02
764.94 1.7954706e+01 2.7875157e-02
765.96 1.7962273e+01 2.7992185e-02
765.96 1.7946562e+01 2.7750099e-02
768.94 1.7957310e+01 2.7915333e-02
771.87 1.7988041e+01 2.8396742e-02
775.00 1.7886538e+01 2.6856326e-02
776.95 1.7941538e+01 2.7673421e-02
777.89 1.7961832e+01 2.7985344e-02
782.87 1.8003502e+01 2.8644020e-02
788.96 1.8000633e+01 2.8597884e-02
791.92 1.8025723e+01 2.9005509e-02
794.88 1.8011332e+01 2.8770572e-02
797.93 1.8005264e+01 2.8672440e-02
801.86 1.8008617e+01 2.8726596e-02
806.91 1.7956003e+01 2.7895160e-02
809.86 1.7982887e+01 2.8315062e-02
815.87 1.8024410e+01 2.8983954e-02
821.87 1.8062595e+01 2.9621532e-02
824.88 1.8143990e+01 3.1055607e-02
828.84 1.8186756e+01 3.1851873e-02
833.86 1.8153341e+01 3.1227153e-02
834.89 1.8189076e+01 3.1895935e-02
835.92 1.8133385e+01 3.0862805e-02
836.84 1.8230434e+01 3.2696929e-02
837.88 1.8181393e+01 3.1750344e-02
838.86 1.8226170e+01 3.2612961e-02
840.87 1.8251434e+01 3.3115007e-02
857.89 1.8303469e+01 3.4184933e-02
866.83 1.8181686e+01 3.1755883e-02
866.90 1.8230127e+01 3.2690868e-02
867.82 1.8217718e+01 3.2447528e-02
867.90 1.8174057e+01 3.1612255e-02
868.82 1.8155766e+01 3.1271838e-02
975.23 1.8075777e+01 2.9846756e-02
982.19 1.8121403e+01 3.0647151e-02
986.21 1.8071405e+01 2.9771773e-02
991.13 1.8075934e+01 2.9849440e-02
993.21 1.8096441e+01 3.0205203e-02
996.22 1.8177620e+01 3.1679209e-02
1000.18 1.8157295e+01 3.1300090e-02
1002.14 1.8155407e+01 3.1265214e-02
1013.18 1.8198605e+01 3.2077875e-02
1015.21 1.8290024e+01 3.3903752e-02
1017.11 1.8333326e+01 3.4821328e-02
1019.15 1.8331665e+01 3.4785464e-02
1021.21 1.8342434e+01 3.5018791e-02
1023.13 1.8362425e+01 3.5457794e-02
1025.13 1.8418005e+01 3.6719367e-02
1029.11 1.8406713e+01 3.6458097e-02
1047.11 1.8431988e+01 3.7046462e-02
1049.09 1.8372791e+01 3.5688475e-02
1051.05 1.8380695e+01 3.5865761e-02
1053.06 1.8338173e+01 3.4926221e-02
1055.05 1.8296112e+01 3.4030657e-02
1060.19 1.8347019e+01 3.5118792e-02
1062.08 1.8335793e+01 3.4874648e-02
1064.15 1.8272907e+01 3.3550598e-02
1066.15 1.8381544e+01 3.5884872e-02
1068.09 1.8371386e+01 3.5657052e-02
1070.08 1.8491703e+01 3.8488965e-02
1072.11 1.8323910e+01 3.4618817e-02
1078.04 1.8397568e+01 3.6248356e-02
1088.97 1.8442577e+01 3.7296847e-02
1094.98 1.8377481e+01 3.5793524e-02
1098.01 1.8263504e+01 3.3358831e-02
1100.00 1.8301514e+01 3.4143843e-02
1101.93 1.8332922e+01 3.4812599e-02
1104.97 1.8363781e+01 3.5487834e-02
1106.97 1.8398228e+01 3.6263417e-02
1108.96 1.8289738e+01 3.3897806e-02
1110.94 1.8351503e+01 3.5217002e-02
1114.94 1.8304516e+01 3.4206964e-02
1119.03 1.8218803e+01 3.2468692e-02
1120.94 1.8220020e+01 3.2492466e-02
1123.02 1.8203094e+01 3.2164156e-02
1126.98 1.8229410e+01 3.2676742e-02
1132.94 1.8161213e+01 3.1372648e-02
1136.00 1.8134628e+01 3.0885309e-02
1138.04 1.8093704e+01 3.0157343e-02
1140.00 1.8102753e+01 3.0316025e-02
1141.98 1.8116625e+01 3.0561794e-02
1144.00 1.8111420e+01 3.0469209e-02
1146.01 1.8110651e+01 3.0455567e-02
1151.99 1.8020340e+01 2.8917287e-02
1156.04 1.8034657e+01 2.9152911e-02
1158.92 1.8100111e+01 3.0269569e-02
1160.93 1.8058609e+01 2.9553944e-02
1162.95 1.8046326e+01 2.9347202e-02
1164.94 1.8083809e+01 2.9985303e-02
1166.91 1.8049644e+01 2.9402837e-02
1168.86 1.8096876e+01 3.0212821e-02
1170.93 1.8102940e+01 3.0319322e-02
1172.93 1.8068489e+01 2.9721901e-02
1174.98 1.8109177e+01 3.0429462e-02
1176.87 1.8063152e+01 2.9631008e-02
1180.90 1.8009111e+01 2.8734602e-02
1184.94 1.7998329e+01 2.8560905e-02
1188.88 1.8113537e+01 3.0506810e-02
1190.98 1.8083069e+01 2.9972494e-02
1194.90 1.8068539e+01 2.9722752e-02
1197.93 1.8046581e+01 2.9351493e-02
1199.87 1.8004089e+01 2.8653488e-02
1203.87 1.8038853e+01 2.9222550e-02
1206.89 1.8077980e+01 2.9884655e-02
1211.91 1.8067314e+01 2.9701859e-02
