1.0 9.5393264e-01 5.1097515e-03
2.0 9.5656255e-01 5.1167903e-03
3.0 9.6174789e-01 5.1306401e-03
4.0 9.5366121e-01 5.1090245e-03
5.0 9.5835846e-01 5.1215913e-03
6.0 9.5524746e-01 5.1132718e-03
7.0 9.6204332e-01 5.1314280e-03
8.0 9.6609480e-01 5.1422218e-03
9.0 9.6391813e-01 5.1364256e-03
10.0 9.7237234e-01 5.1589014e-03
11.0 9.7537174e-01 5.1668519e-03
12.0 9.7638081e-01 5.1695239e-03
13.0 9.7777987e-01 5.1732263e-03
14.0 9.7629996e-01 5.1693099e-03
15.0 9.8038088e-01 5.1801024e-03
16.0 9.7817688e-01 5.1742764e-03
17.0 9.7833575e-01 5.1746966e-03
18.0 9.7417754e-01 5.1636879e-03
19.0 9.7483521e-01 5.1654306e-03
20.0 9.7420733e-01 5.1637669e-03
21.0 9.7593511e-01 5.1683439e-03
22.0 9.6982022e-01 5.1521269e-03
23.0 9.6735729e-01 5.1455806e-03
24.0 9.6604581e-01 5.1420914e-03
25.0 9.7097177e-01 5.1551847e-03
26.0 9.6921320e-01 5.1505142e-03
27.0 9.6884621e-01 5.1495390e-03
28.0 9.7343097e-01 5.1617089e-03
29.0 9.7800268e-01 5.1738157e-03
30.0 9.7918857e-01 5.1769515e-03
31.0 9.7891040e-01 5.1762161e-03
32.0 9.7431830e-01 5.1640610e-03
33.0 9.7836371e-01 5.1747705e-03
34.0 9.8384908e-01 5.1892569e-03
35.0 9.8083570e-01 5.1813039e-03
36.0 9.8050405e-01 5.1804278e-03
37.0 9.7795257e-01 5.1736831e-03
38.0 9.7359200e-01 5.1621358e-03
39.0 9.7506634e-01 5.1660429e-03
40.0 9.7309179e-01 5.1608095e-03
41.0 9.6979758e-01 5.1520667e-03
42.0 9.7263791e-01 5.1596059e-03
43.0 9.6542064e-01 5.1404273e-03
44.0 9.6599078e-01 5.1419449e-03
45.0 9.6534565e-01 5.1402276e-03
46.0 9.6461177e-01 5.1382734e-03
47.0 9.6346084e-01 5.1352071e-03
48.0 9.6467563e-01 5.1384435e-03
49.0 9.6100154e-01 5.1286489e-03
50.0 9.6001359e-01 5.1260120e-03
51.0 9.5411843e-01 5.1102491e-03
52.0 9.5192875e-01 5.1043818e-03
53.0 9.5038634e-01 5.1002448e-03
54.0 9.5156553e-01 5.1034079e-03
55.0 9.4907768e-01 5.0967321e-03
56.0 9.4819871e-01 5.0943715e-03
57.0 9.4711003e-01 5.0914461e-03
58.0 9.5110050e-01 5.1021607e-03
59.0 9.4966542e-01 5.0983100e-03
60.0 9.5132378e-01 5.1027596e-03
61.0 9.5134325e-01 5.1028118e-03
62.0 9.5653119e-01 5.1167064e-03
63.0 9.5865685e-01 5.1223886e-03
64.0 9.5734376e-01 5.1188793e-03
65.0 9.5485808e-01 5.1122295e-03
66.0 9.5364060e-01 5.1089693e-03
67.0 9.5111626e-01 5.1022030e-03
68.0 9.4885687e-01 5.0961392e-03
69.0 9.4861850e-01 5.0954990e-03
70.0 9.5093399e-01 5.1017141e-03
71.0 9.5729119e-01 5.1187387e-03
72.0 9.5773411e-01 5.1199227e-03
73.0 9.5167130e-01 5.1036915e-03
74.0 9.5232439e-01 5.1054424e-03
75.0 9.4947652e-01 5.0978029e-03
76.0 9.4886971e-01 5.0961737e-03
77.0 9.5077728e-01 5.1012937e-03
78.0 9.4789289e-01 5.0935499e-03
79.0 9.4961390e-01 5.0981717e-03
80.0 9.4628066e-01 5.0892163e-03
81.0 9.5004740e-01 5.0993353e-03
82.0 9.5137749e-01 5.1029036e-03
83.0 9.4720724e-01 5.0917073e-03
84.0 9.5064227e-01 5.1009315e-03
85.0 9.4769208e-01 5.0930103e-03
86.0 9.5424323e-01 5.1105833e-03
87.0 9.5946814e-01 5.1245556e-03
88.0 9.5443139e-01 5.1110872e-03
89.0 9.5564879e-01 5.1143458e-03
90.0 9.5540560e-01 5.1136950e-03
91.0 9.5742409e-01 5.1190940e-03
92.0 9.5894234e-01 5.1231512e-03
93.0 9.6160871e-01 5.1302688e-03
94.0 9.6450900e-01 5.1379997e-03
95.0 9.6213099e-01 5.1316618e-03
96.0 9.6518772e-01 5.1398071e-03
97.0 9.6385040e-01 5.1362452e-03
98.0 9.6702736e-01 5.1447030e-03
99.0 9.6716388e-01 5.1450662e-03
100.0 9.7058144e-01 5.1541484e-03
101.0 9.7329005e-01 5.1613353e-03
102.0 9.7482946e-01 5.1654154e-03
103.0 9.7390943e-01 5.1629773e-03
104.0 9.6999047e-01 5.1525790e-03
105.0 9.7601517e-01 5.1685559e-03
106.0 9.7434057e-01 5.1641200e-03
107.0 9.7400156e-01 5.1632215e-03
108.0 9.7680087e-01 5.1706358e-03
109.0 9.7169089e-01 5.1570934e-03
110.0 9.7405447e-01 5.1633617e-03
111.0 9.6816428e-01 5.1477264e-03
112.0 9.6413905e-01 5.1370142e-03
113.0 9.6312728e-01 5.1343181e-03
114.0 9.6492132e-01 5.1390978e-03
115.0 9.5845943e-01 5.1218611e-03
116.0 9.6363632e-01 5.1356747e-03
117.0 9.6970042e-01 5.1518086e-03
118.0 9.7373944e-01 5.1625267e-03
119.0 9.7757219e-01 5.1726769e-03
120.0 9.7989772e-01 5.1788258e-03
121.0 9.7849472e-01 5.1751170e-03
122.0 9.7441927e-01 5.1643285e-03
123.0 9.6685852e-01 5.1442539e-03
124.0 9.6680603e-01 5.1441142e-03
125.0 9.6673295e-01 5.1439198e-03
126.0 9.6445027e-01 5.1378432e-03
127.0 9.6510337e-01 5.1395826e-03
128.0 9.6552510e-01 5.1407054e-03
129.0 9.6661093e-01 5.1435952e-03
130.0 9.6605498e-01 5.1421158e-03
131.0 9.6578860e-01 5.1414068e-03
132.0 9.6232762e-01 5.1321862e-03
133.0 9.6301386e-01 5.1340158e-03
134.0 9.6405767e-01 5.1367974e-03
135.0 9.6513198e-01 5.1396587e-03
136.0 9.5814181e-01 5.1210124e-03
137.0 9.6300887e-01 5.1340025e-03
138.0 9.6332349e-01 5.1348410e-03
139.0 9.6161569e-01 5.1302874e-03
140.0 9.6734139e-01 5.1455383e-03
141.0 9.6570437e-01 5.1411826e-03
142.0 9.6992987e-01 5.1524181e-03
143.0 9.6662422e-01 5.1436305e-03
144.0 9.6651190e-01 5.1433317e-03
145.0 9.6165747e-01 5.1303989e-03
146.0 9.5916672e-01 5.1237506e-03
147.0 9.5499102e-01 5.1125854e-03
148.0 9.5561992e-01 5.1142685e-03
149.0 9.5703065e-01 5.1180421e-03
150.0 9.6102188e-01 5.1287032e-03
151.0 9.6726635e-01 5.1453387e-03
152.0 9.6946062e-01 5.1511716e-03
153.0 9.7677469e-01 5.1705665e-03
154.0 9.8127363e-01 5.1824604e-03
155.0 9.8261934e-01 5.1860128e-03
156.0 9.7877575e-01 5.1758601e-03
157.0 9.7224505e-01 5.1585637e-03
158.0 9.6968647e-01 5.1517716e-03
159.0 9.6725896e-01 5.1453191e-03
160.0 9.6156648e-01 5.1301562e-03
161.0 9.6128030e-01 5.1293927e-03
162.0 9.5480177e-01 5.1120788e-03
163.0 9.5249439e-01 5.1058981e-03
164.0 9.4947665e-01 5.0978033e-03
165.0 9.5482110e-01 5.1121305e-03
166.0 9.5553662e-01 5.1140456e-03
167.0 9.5390040e-01 5.1096652e-03
168.0 9.6015154e-01 5.1263803e-03
169.0 9.5200111e-01 5.1045758e-03
170.0 9.5436544e-01 5.1109106e-03
171.0 9.5046184e-01 5.1004474e-03
172.0 9.4796571e-01 5.0937455e-03
173.0 9.5205885e-01 5.1047306e-03
174.0 9.5675746e-01 5.1173116e-03
175.0 9.5057549e-01 5.1007523e-03
176.0 9.5222289e-01 5.1051703e-03
177.0 9.5597515e-01 5.1152190e-03
178.0 9.5467789e-01 5.1117471e-03
179.0 9.5691634e-01 5.1177364e-03
180.0 9.5491288e-01 5.1123762e-03
181.0 9.5680842e-01 5.1174478e-03
182.0 9.5712663e-01 5.1182987e-03
183.0 9.5789631e-01 5.1203563e-03
184.0 9.5463099e-01 5.1116216e-03
185.0 9.5763227e-01 5.1196505e-03
186.0 9.5785825e-01 5.1202545e-03
187.0 9.5259537e-01 5.1061687e-03
188.0 9.4612287e-01 5.0887920e-03
189.0 9.4260252e-01 5.0793160e-03
190.0 9.3699361e-01 5.0641813e-03
191.0 9.3644768e-01 5.0627058e-03
192.0 9.4081884e-01 5.0745079e-03
193.0 9.4216425e-01 5.0781350e-03
194.0 9.4279174e-01 5.0798257e-03
195.0 9.3957765e-01 5.0711595e-03
196.0 9.4151503e-01 5.0763851e-03
197.0 9.3963677e-01 5.0713190e-03
198.0 9.4447445e-01 5.0843570e-03
199.0 9.3790412e-01 5.0666412e-03
200.0 9.3736058e-01 5.0651729e-03
201.0 9.3689628e-01 5.0639183e-03
202.0 9.2992887e-01 5.0450537e-03
203.0 9.3013827e-01 5.0456217e-03
204.0 9.3229310e-01 5.0514629e-03
205.0 9.3396392e-01 5.0559874e-03
206.0 9.3498446e-01 5.0587489e-03
207.0 9.3286941e-01 5.0530239e-03
208.0 9.3524624e-01 5.0594571e-03
209.0 9.3624368e-01 5.0621543e-03
210.0 9.3343477e-01 5.0545549e-03
211.0 9.3137561e-01 5.0489766e-03
212.0 9.3299877e-01 5.0533743e-03
213.0 9.3545489e-01 5.0600214e-03
214.0 9.3381862e-01 5.0555940e-03
215.0 9.3764136e-01 5.0659314e-03
216.0 9.3592769e-01 5.0613000e-03
217.0 9.3696088e-01 5.0640928e-03
218.0 9.3909022e-01 5.0698439e-03
219.0 9.3958133e-01 5.0711694e-03
220.0 9.3891299e-01 5.0693655e-03
221.0 9.4229360e-01 5.0784836e-03
222.0 9.4442595e-01 5.0842264e-03
223.0 9.4896274e-01 5.0964235e-03
224.0 9.4795970e-01 5.0937294e-03
225.0 9.5046234e-01 5.1004487e-03
226.0 9.5189238e-01 5.1042843e-03
227.0 9.5561477e-01 5.1142547e-03
228.0 9.5416562e-01 5.1103755e-03
229.0 9.4205923e-01 5.0778519e-03
230.0 9.3791400e-01 5.0666679e-03
231.0 9.4348112e-01 5.0816826e-03
232.0 9.4458576e-01 5.0846566e-03
233.0 9.4400696e-01 5.0830985e-03
234.0 9.4460559e-01 5.0847100e-03
235.0 9.4022303e-01 5.0729008e-03
236.0 9.3979524e-01 5.0717466e-03
237.0 9.3965790e-01 5.0713760e-03
238.0 9.3788653e-01 5.0665937e-03
239.0 9.4232817e-01 5.0785767e-03
240.0 9.4221446e-01 5.0782703e-03
241.0 9.4009229e-01 5.0725481e-03
242.0 9.3882588e-01 5.0691303e-03
243.0 9.3812077e-01 5.0672264e-03
244.0 9.3962700e-01 5.0712927e-03
245.0 9.3801919e-01 5.0669520e-03
246.0 9.3691109e-01 5.0639583e-03
247.0 9.3232365e-01 5.0515456e-03
248.0 9.3698200e-01 5.0641499e-03
249.0 9.3815052e-01 5.0673067e-03
250.0 9.3556290e-01 5.0603135e-03
251.0 9.3930237e-01 5.0704165e-03
252.0 9.3629606e-01 5.0622959e-03
253.0 9.3382062e-01 5.0555995e-03
254.0 9.4126866e-01 5.0757208e-03
255.0 9.4009061e-01 5.0725436e-03
256.0 9.3693961e-01 5.0640354e-03
257.0 9.4090337e-01 5.0747359e-03
258.0 9.3738553e-01 5.0652403e-03
259.0 9.3655904e-01 5.0630068e-03
260.0 9.4049113e-01 5.0736240e-03
261.0 9.4357214e-01 5.0819277e-03
262.0 9.4139581e-01 5.0760636e-03
263.0 9.4483159e-01 5.0853182e-03
264.0 9.4937241e-01 5.0975235e-03
265.0 9.4349342e-01 5.0817157e-03
266.0 9.4121507e-01 5.0755763e-03
267.0 9.3680615e-01 5.0636747e-03
268.0 9.3686466e-01 5.0638328e-03
269.0 9.3271818e-01 5.0526144e-03
270.0 9.3349996e-01 5.0547314e-03
271.0 9.3141169e-01 5.0490744e-03
272.0 9.3462861e-01 5.0577862e-03
273.0 9.2935275e-01 5.0434907e-03
274.0 9.3069060e-01 5.0471196e-03
275.0 9.3284954e-01 5.0529701e-03
276.0 9.3329005e-01 5.0541630e-03
277.0 9.3241749e-01 5.0517998e-03
278.0 9.4371278e-01 5.0823064e-03
279.0 9.4724171e-01 5.0918000e-03
280.0 9.4350951e-01 5.0817590e-03
281.0 9.4703313e-01 5.0912394e-03
282.0 9.4640362e-01 5.0895470e-03
283.0 9.4337863e-01 5.0814066e-03
284.0 9.4409518e-01 5.0833360e-03
285.0 9.4760143e-01 5.0927667e-03
286.0 9.5136423e-01 5.1028681e-03
287.0 9.5112408e-01 5.1022240e-03
288.0 9.5730017e-01 5.1187627e-03
289.0 9.5617337e-01 5.1157493e-03
290.0 9.5904176e-01 5.1234168e-03
291.0 9.5814374e-01 5.1210175e-03
292.0 9.6185317e-01 5.1309209e-03
293.0 9.6533915e-01 5.1402103e-03
294.0 9.6893764e-01 5.1497820e-03
295.0 9.6579894e-01 5.1414343e-03
296.0 9.6108493e-01 5.1288714e-03
297.0 9.6324074e-01 5.1346205e-03
298.0 9.6443794e-01 5.1378104e-03
299.0 9.6248338e-01 5.1326015e-03
300.0 9.6204347e-01 5.1314284e-03
301.0 9.6387158e-01 5.1363016e-03
302.0 9.6720261e-01 5.1451692e-03
303.0 9.6770320e-01 5.1465005e-03
304.0 9.6941582e-01 5.1510525e-03
305.0 9.6878846e-01 5.1493855e-03
306.0 9.7261735e-01 5.1595513e-03
307.0 9.7318007e-01 5.1610436e-03
308.0 9.7392038e-01 5.1630063e-03
309.0 9.6972224e-01 5.1518666e-03
310.0 9.6706274e-01 5.1447971e-03
311.0 9.6603826e-01 5.1420713e-03
312.0 9.6039824e-01 5.1270388e-03
313.0 9.5849489e-01 5.1219558e-03
314.0 9.5799335e-01 5.1206156e-03
315.0 9.5918237e-01 5.1237924e-03
316.0 9.5773477e-01 5.1199245e-03
317.0 9.5344827e-01 5.1084541e-03
318.0 9.4673722e-01 5.0904439e-03
319.0 9.4525311e-01 5.0864524e-03
320.0 9.4761767e-01 5.0928104e-03
321.0 9.4327567e-01 5.0811293e-03
322.0 9.4124436e-01 5.0756553e-03
323.0 9.4122070e-01 5.0755915e-03
324.0 9.3906962e-01 5.0697883e-03
325.0 9.3720329e-01 5.0647479e-03
326.0 9.3579977e-01 5.0609541e-03
327.0 9.3511740e-01 5.0591086e-03
328.0 9.3687247e-01 5.0638539e-03
329.0 9.3765635e-01 5.0659719e-03
330.0 9.3822234e-01 5.0675007e-03
331.0 9.3913557e-01 5.0699663e-03
332.0 9.4122731e-01 5.0756094e-03
333.0 9.3810777e-01 5.0671913e-03
334.0 9.3974950e-01 5.0716232e-03
335.0 9.4032871e-01 5.0731859e-03
336.0 9.3738541e-01 5.0652399e-03
337.0 9.3522180e-01 5.0593909e-03
338.0 9.3187704e-01 5.0503356e-03
339.0 9.3523651e-01 5.0594307e-03
340.0 9.3670003e-01 5.0633879e-03
341.0 9.4445518e-01 5.0843051e-03
342.0 9.5006348e-01 5.0993784e-03
343.0 9.4299667e-01 5.0803778e-03
344.0 9.4692075e-01 5.0909373e-03
345.0 9.4378466e-01 5.0825000e-03
346.0 9.3784730e-01 5.0664877e-03
347.0 9.3471297e-01 5.0580144e-03
348.0 9.3916456e-01 5.0700446e-03
349.0 9.3792259e-01 5.0666911e-03
350.0 9.3752724e-01 5.0656231e-03
351.0 9.4006740e-01 5.0724809e-03
352.0 9.4328559e-01 5.0811560e-03
353.0 9.3988672e-01 5.0719935e-03
354.0 9.4077861e-01 5.0743994e-03
355.0 9.4090687e-01 5.0747453e-03
356.0 9.4013438e-01 5.0726617e-03
357.0 9.4276531e-01 5.0797545e-03
358.0 9.3814588e-01 5.0672942e-03
359.0 9.3370555e-01 5.0552880e-03
360.0 9.3158534e-01 5.0495451e-03
361.0 9.3515703e-01 5.0592158e-03
362.0 9.3518935e-01 5.0593032e-03
363.0 9.3160574e-01 5.0496003e-03
364.0 9.3533503e-01 5.0596972e-03
365.0 9.3430506e-01 5.0569106e-03
366.0 9.3506282e-01 5.0589609e-03
367.0 9.3028346e-01 5.0460155e-03
368.0 9.3171999e-01 5.0499100e-03
369.0 9.3441781e-01 5.0572158e-03
370.0 9.3801126e-01 5.0669306e-03
371.0 9.4220335e-01 5.0782403e-03
372.0 9.3995343e-01 5.0721735e-03
373.0 9.4019318e-01 5.0728203e-03
374.0 9.3806071e-01 5.0670642e-03
375.0 9.3704139e-01 5.0643104e-03
376.0 9.3417323e-01 5.0565539e-03
377.0 9.3412233e-01 5.0564161e-03
378.0 9.2916433e-01 5.0429794e-03
379.0 9.3505905e-01 5.0589507e-03
380.0 9.2980628e-01 5.0447212e-03
381.0 9.3199512e-01 5.0506555e-03
382.0 9.3589451e-01 5.0612103e-03
383.0 9.3724007e-01 5.0648473e-03
384.0 9.4204163e-01 5.0778045e-03
385.0 9.3498766e-01 5.0587576e-03
386.0 9.3459116e-01 5.0576848e-03
387.0 9.2937480e-01 5.0435505e-03
388.0 9.2535695e-01 5.0326366e-03
389.0 9.2427948e-01 5.0297058e-03
390.0 9.1864777e-01 5.0143592e-03
391.0 9.2009832e-01 5.0183165e-03
392.0 9.2279438e-01 5.0256634e-03
393.0 9.1609801e-01 5.0073956e-03
394.0 9.1474291e-01 5.0036907e-03
395.0 9.2017348e-01 5.0185215e-03
396.0 9.1813035e-01 5.0129469e-03
397.0 9.1911198e-01 5.0156260e-03
398.0 9.2464695e-01 5.0307056e-03
399.0 9.2294776e-01 5.0260811e-03
400.0 9.2761025e-01 5.0387603e-03
401.0 9.3367667e-01 5.0552098e-03
402.0 9.3131609e-01 5.0488153e-03
403.0 9.3433051e-01 5.0569795e-03
404.0 9.3958267e-01 5.0711730e-03
405.0 9.3612286e-01 5.0618277e-03
406.0 9.3715001e-01 5.0646039e-03
407.0 9.4147156e-01 5.0762679e-03
408.0 9.4384325e-01 5.0826577e-03
409.0 9.3643004e-01 5.0626581e-03
410.0 9.3585146e-01 5.0610938e-03
411.0 9.3638366e-01 5.0625327e-03
412.0 9.4112486e-01 5.0753331e-03
413.0 9.3639636e-01 5.0625670e-03
414.0 9.3402296e-01 5.0561471e-03
415.0 9.3229598e-01 5.0514707e-03
416.0 9.3382509e-01 5.0556116e-03
417.0 9.3127773e-01 5.0487113e-03
418.0 9.3581546e-01 5.0609965e-03
419.0 9.4068708e-01 5.0741525e-03
420.0 9.4510326e-01 5.0860492e-03
421.0 9.5128063e-01 5.1026439e-03
422.0 9.5313794e-01 5.1076227e-03
423.0 9.5349541e-01 5.1085804e-03
424.0 9.5387672e-01 5.1096018e-03
425.0 9.5853363e-01 5.1220594e-03
426.0 9.6219804e-01 5.1318407e-03
427.0 9.5986481e-01 5.1256148e-03
428.0 9.5930379e-01 5.1241167e-03
429.0 9.5608288e-01 5.1155072e-03
430.0 9.6278060e-01 5.1333940e-03
431.0 9.6319747e-01 5.1345052e-03
432.0 9.6253409e-01 5.1327367e-03
433.0 9.6160876e-01 5.1302690e-03
434.0 9.6751539e-01 5.1460011e-03
435.0 9.6262851e-01 5.1329885e-03
436.0 9.6329564e-01 5.1347668e-03
437.0 9.6616753e-01 5.1424153e-03
438.0 9.6591503e-01 5.1417433e-03
439.0 9.6932159e-01 5.1508022e-03
440.0 9.6918041e-01 5.1504271e-03
441.0 9.7141081e-01 5.1563501e-03
442.0 9.7274275e-01 5.1598839e-03
443.0 9.7173491e-01 5.1572102e-03
444.0 9.6826057e-01 5.1479824e-03
445.0 9.6628567e-01 5.1427297e-03
446.0 9.6539818e-01 5.1403675e-03
447.0 9.6846552e-01 5.1485272e-03
448.0 9.6569814e-01 5.1411660e-03
449.0 9.7200813e-01 5.1579352e-03
450.0 9.7225752e-01 5.1585968e-03
451.0 9.7004966e-01 5.1527362e-03
452.0 9.7037159e-01 5.1535912e-03
453.0 9.7138281e-01 5.1562758e-03
454.0 9.7201317e-01 5.1579485e-03
455.0 9.7383013e-01 5.1627671e-03
456.0 9.6658575e-01 5.1435282e-03
457.0 9.6721088e-01 5.1451912e-03
458.0 9.5893181e-01 5.1231231e-03
459.0 9.5702934e-01 5.1180386e-03
460.0 9.6119259e-01 5.1291587e-03
461.0 9.5709398e-01 5.1182114e-03
462.0 9.5759466e-01 5.1195500e-03
463.0 9.5524442e-01 5.1132636e-03
464.0 9.4905646e-01 5.0966751e-03
465.0 9.4878659e-01 5.0959505e-03
466.0 9.4929567e-01 5.0973174e-03
467.0 9.4405919e-01 5.0832391e-03
468.0 9.4199045e-01 5.0776666e-03
469.0 9.3506914e-01 5.0589780e-03
470.0 9.3622165e-01 5.0620948e-03
471.0 9.3674949e-01 5.0635215e-03
472.0 9.4099023e-01 5.0749701e-03
473.0 9.3542949e-01 5.0599527e-03
474.0 9.3245930e-01 5.0519131e-03
475.0 9.3903427e-01 5.0696929e-03
476.0 9.4248875e-01 5.0790094e-03
477.0 9.4764997e-01 5.0928972e-03
478.0 9.4893442e-01 5.0963474e-03
479.0 9.5051513e-01 5.1005904e-03
480.0 9.4715737e-01 5.0915733e-03
481.0 9.5181193e-01 5.1040686e-03
482.0 9.5068756e-01 5.1010530e-03
483.0 9.4548784e-01 5.0870839e-03
484.0 9.5128611e-01 5.1026586e-03
485.0 9.5183411e-01 5.1041281e-03
486.0 9.5273950e-01 5.1065550e-03
487.0 9.4971857e-01 5.0984527e-03
488.0 9.5215646e-01 5.1049923e-03
489.0 9.5392342e-01 5.1097269e-03
490.0 9.4833188e-01 5.0947292e-03
491.0 9.4385131e-01 5.0826795e-03
492.0 9.4580579e-01 5.0879392e-03
493.0 9.4329868e-01 5.0811913e-03
494.0 9.4673389e-01 5.0904350e-03
495.0 9.4842630e-01 5.0949828e-03
496.0 9.4868319e-01 5.0956728e-03
497.0 9.4578808e-01 5.0878916e-03
498.0 9.4098957e-01 5.0749683e-03
499.0 9.4317320e-01 5.0808533e-03
500.0 9.4429034e-01 5.0838614e-03
501.0 9.4404578e-01 5.0832030e-03
502.0 9.4429523e-01 5.0838746e-03
503.0 9.4229996e-01 5.0785007e-03
504.0 9.4249223e-01 5.0790188e-03
505.0 9.3936886e-01 5.0705960e-03
506.0 9.3994931e-01 5.0721623e-03
507.0 9.4163146e-01 5.0766989e-03
508.0 9.3976604e-01 5.0716679e-03
509.0 9.3507445e-01 5.0589924e-03
510.0 9.4155344e-01 5.0764886e-03
511.0 9.3861502e-01 5.0685610e-03
512.0 9.4367953e-01 5.0822169e-03
513.0 9.4096921e-01 5.0749134e-03
514.0 9.3728412e-01 5.0649663e-03
515.0 9.4372867e-01 5.0823492e-03
516.0 9.5087459e-01 5.1015547e-03
517.0 9.4697117e-01 5.0910728e-03
518.0 9.5184460e-01 5.1041562e-03
519.0 9.5492268e-01 5.1124024e-03
520.0 9.5160906e-01 5.1035246e-03
521.0 9.5213315e-01 5.1049298e-03
522.0 9.4683592e-01 5.0907092e-03
523.0 9.4153675e-01 5.0764436e-03
524.0 9.4013906e-01 5.0726743e-03
525.0 9.4192625e-01 5.0774935e-03
526.0 9.4771403e-01 5.0930693e-03
527.0 9.5090423e-01 5.1016342e-03
528.0 9.5248691e-01 5.1058780e-03
529.0 9.5301074e-01 5.1072819e-03
530.0 9.5331855e-01 5.1081066e-03
531.0 9.5169790e-01 5.1037628e-03
532.0 9.5407853e-01 5.1101423e-03
533.0 9.4563012e-01 5.0874667e-03
534.0 9.4209786e-01 5.0779561e-03
535.0 9.4077406e-01 5.0743871e-03
536.0 9.4142641e-01 5.0761461e-03
537.0 9.4057082e-01 5.0738390e-03
538.0 9.3987202e-01 5.0719538e-03
539.0 9.4393655e-01 5.0829090e-03
540.0 9.4432375e-01 5.0839514e-03
541.0 9.4458251e-01 5.0846478e-03
542.0 9.4407337e-01 5.0832773e-03
543.0 9.4287459e-01 5.0800489e-03
544.0 9.4264540e-01 5.0794315e-03
545.0 9.4378246e-01 5.0824941e-03
546.0 9.4945019e-01 5.0977323e-03
547.0 9.5068464e-01 5.1010452e-03
548.0 9.4683399e-01 5.0907040e-03
549.0 9.4667313e-01 5.0902716e-03
550.0 9.4592085e-01 5.0882487e-03
551.0 9.4164355e-01 5.0767315e-03
552.0 9.3481912e-01 5.0583016e-03
553.0 9.3691105e-01 5.0639582e-03
554.0 9.4003029e-01 5.0723808e-03
555.0 9.4333720e-01 5.0812950e-03
556.0 9.4306141e-01 5.0805522e-03
557.0 9.4640073e-01 5.0895392e-03
558.0 9.4801471e-01 5.0938772e-03
559.0 9.5084124e-01 5.1014653e-03
560.0 9.5115863e-01 5.1023166e-03
561.0 9.4328935e-01 5.0811661e-03
562.0 9.3880545e-01 5.0690751e-03
563.0 9.3476774e-01 5.0581626e-03
564.0 9.3547430e-01 5.0600739e-03
565.0 9.3021747e-01 5.0458365e-03
566.0 9.2710762e-01 5.0373950e-03
567.0 9.3140628e-01 5.0490598e-03
568.0 9.2865046e-01 5.0415847e-03
569.0 9.2990090e-01 5.0449778e-03
570.0 9.3214525e-01 5.0510623e-03
571.0 9.2901197e-01 5.0425659e-03
572.0 9.2339994e-01 5.0273121e-03
573.0 9.2463707e-01 5.0306787e-03
574.0 9.2847971e-01 5.0411212e-03
575.0 9.2958668e-01 5.0441254e-03
576.0 9.2462142e-01 5.0306361e-03
577.0 9.2628057e-01 5.0351476e-03
578.0 9.2625778e-01 5.0350857e-03
579.0 9.3040121e-01 5.0463348e-03
580.0 9.3411028e-01 5.0563835e-03
581.0 9.3342223e-01 5.0545209e-03
582.0 9.2657408e-01 5.0359453e-03
583.0 9.2171604e-01 5.0227262e-03
584.0 9.2568011e-01 5.0335153e-03
585.0 9.2548224e-01 5.0329773e-03
586.0 9.2789141e-01 5.0395239e-03
587.0 9.2843110e-01 5.0409892e-03
588.0 9.3168236e-01 5.0498080e-03
589.0 9.3615054e-01 5.0619025e-03
590.0 9.3428066e-01 5.0568446e-03
591.0 9.3251191e-01 5.0520556e-03
592.0 9.3204305e-01 5.0507854e-03
593.0 9.2656482e-01 5.0359201e-03
594.0 9.3281420e-01 5.0528744e-03
595.0 9.3366037e-01 5.0551657e-03
596.0 9.3409720e-01 5.0563481e-03
597.0 9.3515970e-01 5.0592230e-03
598.0 9.3980232e-01 5.0717657e-03
599.0 9.3962500e-01 5.0712872e-03
600.0 9.3849302e-01 5.0682316e-03
601.0 9.3622990e-01 5.0621170e-03
602.0 9.3651332e-01 5.0628832e-03
603.0 9.3454721e-01 5.0575659e-03
604.0 9.3591236e-01 5.0612585e-03
605.0 9.3338127e-01 5.0544100e-03
606.0 9.3610364e-01 5.0617757e-03
607.0 9.3177280e-01 5.0500531e-03
608.0 9.3204087e-01 5.0507795e-03
609.0 9.3517705e-01 5.0592699e-03
610.0 9.3310465e-01 5.0536610e-03
611.0 9.3113473e-01 5.0483237e-03
612.0 9.3002147e-01 5.0453049e-03
613.0 9.3082698e-01 5.0474894e-03
614.0 9.2780636e-01 5.0392929e-03
615.0 9.3479219e-01 5.0582288e-03
616.0 9.3961443e-01 5.0712587e-03
617.0 9.3849662e-01 5.0682413e-03
618.0 9.4176351e-01 5.0770549e-03
619.0 9.4129354e-01 5.0757879e-03
620.0 9.3950849e-01 5.0709728e-03
621.0 9.4448853e-01 5.0843949e-03
622.0 9.3995889e-01 5.0721882e-03
623.0 9.4339134e-01 5.0814408e-03
624.0 9.4186801e-01 5.0773366e-03
625.0 9.4051618e-01 5.0736916e-03
626.0 9.4621055e-01 5.0890278e-03
627.0 9.4453942e-01 5.0845319e-03
628.0 9.4016277e-01 5.0727383e-03
629.0 9.5126779e-01 5.1026094e-03
630.0 9.5258639e-01 5.1061447e-03
631.0 9.5412893e-01 5.1102772e-03
632.0 9.5530532e-01 5.1134266e-03
633.0 9.5156649e-01 5.1034105e-03
634.0 9.5296369e-01 5.1071558e-03
635.0 9.5107531e-01 5.1020931e-03
636.0 9.5520189e-01 5.1131498e-03
637.0 9.5711832e-01 5.1182765e-03
638.0 9.6001510e-01 5.1260161e-03
639.0 9.5974642e-01 5.1252987e-03
640.0 9.5944469e-01 5.1244930e-03
641.0 9.5874914e-01 5.1226351e-03
642.0 9.5659725e-01 5.1168831e-03
643.0 9.6225289e-01 5.1319869e-03
644.0 9.6162297e-01 5.1303069e-03
645.0 9.6619115e-01 5.1424782e-03
646.0 9.6704473e-01 5.1447492e-03
647.0 9.6869389e-01 5.1491342e-03
648.0 9.6223696e-01 5.1319445e-03
649.0 9.5770967e-01 5.1198574e-03
650.0 9.6123292e-01 5.1292663e-03
651.0 9.6111192e-01 5.1289434e-03
652.0 9.6286698e-01 5.1336242e-03
653.0 9.6344384e-01 5.1351618e-03
654.0 9.6042269e-01 5.1271041e-03
655.0 9.6208386e-01 5.1315362e-03
656.0 9.5793848e-01 5.1204690e-03
657.0 9.5784843e-01 5.1202283e-03
658.0 9.5963434e-01 5.1249994e-03
659.0 9.5903780e-01 5.1234062e-03
660.0 9.5828064e-01 5.1213834e-03
661.0 9.5952124e-01 5.1246974e-03
662.0 9.6308153e-01 5.1341962e-03
663.0 9.5717187e-01 5.1184197e-03
664.0 9.5903211e-01 5.1233910e-03
665.0 9.5785044e-01 5.1202337e-03
666.0 9.6106747e-01 5.1288248e-03
667.0 9.6081618e-01 5.1281543e-03
668.0 9.6124731e-01 5.1293047e-03
669.0 9.5643579e-01 5.1164512e-03
670.0 9.5238105e-01 5.1055943e-03
671.0 9.4863863e-01 5.0955531e-03
672.0 9.4178536e-01 5.0771138e-03
673.0 9.3665603e-01 5.0632690e-03
674.0 9.3969803e-01 5.0714843e-03
675.0 9.3955716e-01 5.0711042e-03
676.0 9.4319757e-01 5.0809189e-03
677.0 9.4699690e-01 5.0911420e-03
678.0 9.4931885e-01 5.0973796e-03
679.0 9.4386637e-01 5.0827200e-03
680.0 9.4665340e-01 5.0902186e-03
681.0 9.4912001e-01 5.0968458e-03
682.0 9.5354559e-01 5.1087148e-03
683.0 9.5131271e-01 5.1027299e-03
684.0 9.4920859e-01 5.0970836e-03
685.0 9.5092236e-01 5.1016829e-03
686.0 9.5064215e-01 5.1009312e-03
687.0 9.5464774e-01 5.1116664e-03
688.0 9.4476669e-01 5.0851435e-03
689.0 9.4250861e-01 5.0790629e-03
690.0 9.4981677e-01 5.0987163e-03
691.0 9.5380836e-01 5.1094187e-03
692.0 9.5785037e-01 5.1202335e-03
693.0 9.5781280e-01 5.1201331e-03
694.0 9.5323849e-01 5.1078921e-03
695.0 9.5921864e-01 5.1238893e-03
696.0 9.6361946e-01 5.1356298e-03
697.0 9.6221422e-01 5.1318838e-03
698.0 9.5812801e-01 5.1209755e-03
699.0 9.5595727e-01 5.1151711e-03
700.0 9.5258284e-01 5.1061352e-03
701.0 9.5105085e-01 5.1020275e-03
702.0 9.4441108e-01 5.0841864e-03
703.0 9.4834652e-01 5.0947685e-03
704.0 9.5278294e-01 5.1066714e-03
705.0 9.5040321e-01 5.1002901e-03
706.0 9.5435275e-01 5.1108766e-03
707.0 9.5001387e-01 5.0992453e-03
708.0 9.4244707e-01 5.0788971e-03
709.0 9.5203650e-01 5.1046707e-03
710.0 9.5260996e-01 5.1062078e-03
711.0 9.5580711e-01 5.1147694e-03
712.0 9.5795348e-01 5.1205090e-03
713.0 9.6057146e-01 5.1275012e-03
714.0 9.6121912e-01 5.1292295e-03
715.0 9.6060716e-01 5.1275964e-03
716.0 9.6002968e-01 5.1260550e-03
717.0 9.5887835e-01 5.1229803e-03
718.0 9.5863668e-01 5.1223347e-03
719.0 9.5541170e-01 5.1137113e-03
720.0 9.5355070e-01 5.1087285e-03
721.0 9.5679762e-01 5.1174190e-03
722.0 9.5532795e-01 5.1134872e-03
723.0 9.5231814e-01 5.1054257e-03
724.0 9.5127714e-01 5.1026345e-03
725.0 9.5249864e-01 5.1059095e-03
726.0 9.4995529e-01 5.0990881e-03
727.0 9.5572543e-01 5.1145509e-03
728.0 9.5943916e-01 5.1244782e-03
729.0 9.5606248e-01 5.1154526e-03
730.0 9.6036032e-01 5.1269376e-03
731.0 9.5726551e-01 5.1186700e-03
732.0 9.5520817e-01 5.1131666e-03
733.0 9.5759434e-01 5.1195491e-03
734.0 9.5450656e-01 5.1112884e-03
735.0 9.5277752e-01 5.1066569e-03
736.0 9.5200788e-01 5.1045940e-03
737.0 9.4480046e-01 5.0852344e-03
738.0 9.4919991e-01 5.0970603e-03
739.0 9.4985053e-01 5.0988069e-03
740.0 9.4922057e-01 5.0971158e-03
741.0 9.5067205e-01 5.1010114e-03
742.0 9.4795474e-01 5.0937160e-03
743.0 9.4910699e-01 5.0968108e-03
744.0 9.4274059e-01 5.0796879e-03
745.0 9.4164494e-01 5.0767353e-03
746.0 9.4149329e-01 5.0763265e-03
747.0 9.3523106e-01 5.0594160e-03
748.0 9.3505412e-01 5.0589374e-03
749.0 9.3641602e-01 5.0626202e-03
750.0 9.3833069e-01 5.0677933e-03
751.0 9.4098174e-01 5.0749472e-03
752.0 9.4167609e-01 5.0768192e-03
753.0 9.4221317e-01 5.0782668e-03
754.0 9.4327215e-01 5.0811198e-03
755.0 9.3888854e-01 5.0692995e-03
756.0 9.3607800e-01 5.0617064e-03
757.0 9.3299842e-01 5.0533733e-03
758.0 9.3646817e-01 5.0627612e-03
759.0 9.3782446e-01 5.0664260e-03
760.0 9.4052325e-01 5.0737107e-03
761.0 9.4406657e-01 5.0832590e-03
762.0 9.4712275e-01 5.0914803e-03
763.0 9.4796153e-01 5.0937343e-03
764.0 9.5202135e-01 5.1046301e-03
765.0 9.5208836e-01 5.1048097e-03
766.0 9.5054284e-01 5.1006647e-03
767.0 9.5283663e-01 5.1068153e-03
768.0 9.4925700e-01 5.0972136e-03
769.0 9.4697740e-01 5.0910895e-03
770.0 9.5339047e-01 5.1082993e-03
771.0 9.5357420e-01 5.1087915e-03
772.0 9.5386737e-01 5.1095767e-03
773.0 9.5079315e-01 5.1013363e-03
774.0 9.5396437e-01 5.1098365e-03
775.0 9.6010435e-01 5.1262543e-03
776.0 9.5999304e-01 5.1259571e-03
777.0 9.5895000e-01 5.1231717e-03
778.0 9.5917452e-01 5.1237714e-03
779.0 9.6264664e-01 5.1330368e-03
780.0 9.6282625e-01 5.1335156e-03
781.0 9.6458664e-01 5.1382065e-03
782.0 9.6330292e-01 5.1347862e-03
783.0 9.6101566e-01 5.1286866e-03
784.0 9.5955554e-01 5.1247890e-03
785.0 9.5939663e-01 5.1243646e-03
786.0 9.5817836e-01 5.1211100e-03
787.0 9.4936784e-01 5.0975112e-03
788.0 9.5135276e-01 5.1028373e-03
789.0 9.4645051e-01 5.0896730e-03
790.0 9.4409884e-01 5.0833459e-03
791.0 9.4717797e-01 5.0916287e-03
792.0 9.5267168e-01 5.1063733e-03
793.0 9.5748152e-01 5.1192475e-03
794.0 9.5737413e-01 5.1189604e-03
795.0 9.6145656e-01 5.1298630e-03
796.0 9.6102939e-01 5.1287232e-03
797.0 9.5726912e-01 5.1186797e-03
798.0 9.5288764e-01 5.1069520e-03
799.0 9.5045929e-01 5.1004405e-03
800.0 9.4854796e-01 5.0953096e-03
801.0 9.4764547e-01 5.0928851e-03
802.0 9.4401283e-01 5.0831143e-03
803.0 9.4475529e-01 5.0851129e-03
804.0 9.4864574e-01 5.0955722e-03
805.0 9.4395341e-01 5.0829543e-03
806.0 9.5100032e-01 5.1018920e-03
807.0 9.4822368e-01 5.0944385e-03
808.0 9.4830062e-01 5.0946452e-03
809.0 9.5255967e-01 5.1060730e-03
810.0 9.5275325e-01 5.1065919e-03
811.0 9.5179700e-01 5.1040286e-03
812.0 9.5450124e-01 5.1112742e-03
813.0 9.5262709e-01 5.1062538e-03
814.0 9.5030669e-01 5.1000311e-03
815.0 9.4688814e-01 5.0908496e-03
816.0 9.4969800e-01 5.0983975e-03
817.0 9.5305591e-01 5.1074029e-03
818.0 9.5929598e-01 5.1240958e-03
819.0 9.6112522e-01 5.1289789e-03
820.0 9.6089617e-01 5.1283677e-03
821.0 9.5980142e-01 5.1254455e-03
822.0 9.5935463e-01 5.1242524e-03
823.0 9.5997159e-01 5.1258999e-03
824.0 9.6194965e-01 5.1311782e-03
825.0 9.5860933e-01 5.1222616e-03
826.0 9.5746827e-01 5.1192121e-03
827.0 9.5565192e-01 5.1143541e-03
828.0 9.5599828e-01 5.1152809e-03
829.0 9.5677620e-01 5.1173617e-03
830.0 9.4832128e-01 5.0947007e-03
831.0 9.5043129e-01 5.1003654e-03
832.0 9.4889047e-01 5.0962294e-03
833.0 9.5057062e-01 5.1007393e-03
834.0 9.4925013e-01 5.0971952e-03
835.0 9.4988735e-01 5.0989057e-03
836.0 9.5193471e-01 5.1043978e-03
837.0 9.5305864e-01 5.1074102e-03
838.0 9.4565822e-01 5.0875423e-03
839.0 9.4738404e-01 5.0921825e-03
840.0 9.4884190e-01 5.0960990e-03
841.0 9.4750258e-01 5.0925011e-03
842.0 9.4816431e-01 5.0942791e-03
843.0 9.4983434e-01 5.0987634e-03
844.0 9.4390851e-01 5.0828335e-03
845.0 9.4594167e-01 5.0883047e-03
846.0 9.4595980e-01 5.0883534e-03
847.0 9.4717526e-01 5.0916214e-03
848.0 9.4794700e-01 5.0936952e-03
849.0 9.5349322e-01 5.1085745e-03
850.0 9.5344905e-01 5.1084562e-03
851.0 9.5096698e-01 5.1018026e-03
852.0 9.4648730e-01 5.0897720e-03
853.0 9.4584091e-01 5.0880337e-03
854.0 9.3994712e-01 5.0721564e-03
855.0 9.3694922e-01 5.0640613e-03
856.0 9.3699209e-01 5.0641772e-03
857.0 9.3349537e-01 5.0547190e-03
858.0 9.3488491e-01 5.0584796e-03
859.0 9.2980995e-01 5.0447311e-03
860.0 9.3149389e-01 5.0492972e-03
861.0 9.3699314e-01 5.0641800e-03
862.0 9.3863305e-01 5.0686097e-03
863.0 9.3640513e-01 5.0625907e-03
864.0 9.3367086e-01 5.0551940e-03
865.0 9.3544691e-01 5.0599998e-03
866.0 9.4013400e-01 5.0726606e-03
867.0 9.3593846e-01 5.0613291e-03
868.0 9.3702639e-01 5.0642699e-03
869.0 9.3755660e-01 5.0657025e-03
870.0 9.3515463e-01 5.0592093e-03
871.0 9.4011482e-01 5.0726089e-03
872.0 9.3985370e-01 5.0719044e-03
873.0 9.4103928e-01 5.0751024e-03
874.0 9.3708681e-01 5.0644331e-03
875.0 9.3603445e-01 5.0615886e-03
876.0 9.3451436e-01 5.0574770e-03
877.0 9.3638550e-01 5.0625377e-03
878.0 9.3179054e-01 5.0501012e-03
879.0 9.3033094e-01 5.0461443e-03
880.0 9.2373965e-01 5.0282368e-03
881.0 9.2514137e-01 5.0320504e-03
882.0 9.2183187e-01 5.0230418e-03
883.0 9.2527023e-01 5.0324008e-03
884.0 9.2922176e-01 5.0431352e-03
885.0 9.2812078e-01 5.0401467e-03
886.0 9.2865256e-01 5.0415904e-03
887.0 9.3060311e-01 5.0468823e-03
888.0 9.3604215e-01 5.0616094e-03
889.0 9.3922763e-01 5.0702148e-03
890.0 9.3894082e-01 5.0694406e-03
891.0 9.3569414e-01 5.0606684e-03
892.0 9.3663685e-01 5.0632171e-03
893.0 9.3638035e-01 5.0625238e-03
894.0 9.4180657e-01 5.0771709e-03
895.0 9.4134069e-01 5.0759151e-03
896.0 9.4114301e-01 5.0753821e-03
897.0 9.4334611e-01 5.0813190e-03
898.0 9.4286770e-01 5.0800304e-03
899.0 9.3498819e-01 5.0587590e-03
900.0 9.3670049e-01 5.0633891e-03
901.0 9.3757150e-01 5.0657427e-03
902.0 9.3524466e-01 5.0594528e-03
903.0 9.4142176e-01 5.0761336e-03
904.0 9.4334128e-01 5.0813060e-03
905.0 9.4153491e-01 5.0764387e-03
906.0 9.4286236e-01 5.0800160e-03
907.0 9.4524284e-01 5.0864248e-03
908.0 9.4101036e-01 5.0750244e-03
909.0 9.4049603e-01 5.0736372e-03
910.0 9.4596792e-01 5.0883753e-03
911.0 9.4324230e-01 5.0810394e-03
912.0 9.4589132e-01 5.0881693e-03
913.0 9.4700334e-01 5.0911593e-03
914.0 9.4821888e-01 5.0944257e-03
915.0 9.4937596e-01 5.0975330e-03
916.0 9.4886388e-01 5.0961580e-03
917.0 9.5069982e-01 5.1010859e-03
918.0 9.4619533e-01 5.0889869e-03
919.0 9.4149141e-01 5.0763214e-03
920.0 9.4865820e-01 5.0956057e-03
921.0 9.5135225e-01 5.1028359e-03
922.0 9.4604709e-01 5.0885882e-03
923.0 9.4349780e-01 5.0817275e-03
924.0 9.4526366e-01 5.0864808e-03
925.0 9.4879691e-01 5.0959782e-03
926.0 9.5143496e-01 5.1030577e-03
927.0 9.4470207e-01 5.0849696e-03
928.0 9.4684854e-01 5.0907432e-03
929.0 9.4899632e-01 5.0965137e-03
930.0 9.4975598e-01 5.0985531e-03
931.0 9.4833095e-01 5.0947267e-03
932.0 9.4423052e-01 5.0837004e-03
933.0 9.4471820e-01 5.0850130e-03
934.0 9.4673115e-01 5.0904276e-03
935.0 9.4511461e-01 5.0860798e-03
936.0 9.4673246e-01 5.0904311e-03
937.0 9.4733348e-01 5.0920466e-03
938.0 9.4676679e-01 5.0905234e-03
939.0 9.4156348e-01 5.0765157e-03
940.0 9.3960736e-01 5.0712397e-03
941.0 9.4250066e-01 5.0790415e-03
942.0 9.3852403e-01 5.0683153e-03
943.0 9.4008484e-01 5.0725280e-03
944.0 9.4704796e-01 5.0912792e-03
945.0 9.4453590e-01 5.0845224e-03
946.0 9.4236714e-01 5.0786817e-03
947.0 9.4220931e-01 5.0782564e-03
948.0 9.4238420e-01 5.0787277e-03
949.0 9.4203018e-01 5.0777737e-03
950.0 9.4377093e-01 5.0824630e-03
951.0 9.4293516e-01 5.0802121e-03
952.0 9.4881484e-01 5.0960263e-03
953.0 9.5568176e-01 5.1144340e-03
954.0 9.5737071e-01 5.1189513e-03
955.0 9.5744337e-01 5.1191456e-03
956.0 9.6164968e-01 5.1303781e-03
957.0 9.5966712e-01 5.1250869e-03
958.0 9.5233670e-01 5.1054754e-03
959.0 9.5636179e-01 5.1162533e-03
960.0 9.5682193e-01 5.1174839e-03
961.0 9.5867387e-01 5.1224340e-03
962.0 9.5798901e-01 5.1206040e-03
963.0 9.5460617e-01 5.1115551e-03
964.0 9.5709667e-01 5.1182186e-03
965.0 9.6071961e-01 5.1278966e-03
966.0 9.5988689e-01 5.1256738e-03
967.0 9.6100533e-01 5.1286590e-03
968.0 9.6009895e-01 5.1262399e-03
969.0 9.6558425e-01 5.1408628e-03
970.0 9.6725375e-01 5.1453052e-03
971.0 9.6723644e-01 5.1452591e-03
972.0 9.6976462e-01 5.1519791e-03
973.0 9.6843979e-01 5.1484588e-03
974.0 9.6468025e-01 5.1384558e-03
975.0 9.7113941e-01 5.1556297e-03
976.0 9.7580886e-01 5.1680096e-03
977.0 9.7538703e-01 5.1668924e-03
978.0 9.7742713e-01 5.1722931e-03
979.0 9.7902313e-01 5.1765141e-03
980.0 9.8166789e-01 5.1835014e-03
981.0 9.7873917e-01 5.1757634e-03
982.0 9.7313755e-01 5.1609309e-03
983.0 9.8167561e-01 5.1835218e-03
984.0 9.7975961e-01 5.1784608e-03
985.0 9.7710650e-01 5.1714446e-03
986.0 9.7509137e-01 5.1661092e-03
987.0 9.7415771e-01 5.1636353e-03
988.0 9.6939419e-01 5.1509951e-03
989.0 9.6507226e-01 5.1394997e-03
990.0 9.6390059e-01 5.1363789e-03
991.0 9.6341731e-01 5.1350911e-03
992.0 9.6501528e-01 5.1393480e-03
993.0 9.6820024e-01 5.1478220e-03
994.0 9.6596008e-01 5.1418632e-03
995.0 9.5972060e-01 5.1252297e-03
996.0 9.6182313e-01 5.1308408e-03
997.0 9.6524727e-01 5.1399657e-03
998.0 9.6566161e-01 5.1410688e-03
999.0 9.6749663e-01 5.1459512e-03
1000.0 9.6981271e-01 5.1521069e-03
