0.00 1.7993115e+01 3.1723213e-02
0.04 1.8023907e+01 3.2364383e-02
1.04 1.7982723e+01 3.1510819e-02
2.04 1.7938320e+01 3.0625425e-02
4.98 1.7990452e+01 3.1668588e-02
7.02 1.8027979e+01 3.2450519e-02
7.04 1.8043581e+01 3.2783452e-02
8.96 1.8038605e+01 3.2676768e-02
9.99 1.7995144e+01 3.1764913e-02
12.97 1.8018559e+01 3.2251749e-02
13.99 1.7969414e+01 3.1241674e-02
24.99 1.7981836e+01 3.1492785e-02
30.97 1.7942022e+01 3.0697879e-02
37.95 1.7907785e+01 3.0036952e-02
50.03 1.7932966e+01 3.0521065e-02
50.03 1.7894216e+01 2.9780677e-02
53.91 1.7907768e+01 3.0036636e-02
53.91 1.7884031e+01 2.9590381e-02
54.88 1.7905907e+01 3.0001277e-02
56.91 1.7936157e+01 3.0583188e-02
59.96 1.7904282e+01 2.9970475e-02
62.92 1.7894320e+01 2.9782604e-02
65.90 1.7882855e+01 2.7301546e-02
65.90 1.7909733e+01 2.7718676e-02
65.93 1.7862480e+01 2.9193547e-02
69.00 1.7901398e+01 2.9915918e-02
71.93 1.7838840e+01 2.8767165e-02
80.97 1.7853214e+01 2.9025316e-02
83.89 1.7816795e+01 2.8377825e-02
86.89 1.7832340e+01 2.8651537e-02
89.89 1.7883655e+01 2.9583402e-02
106.88 1.7902061e+01 2.9928468e-02
118.91 1.7946686e+01 3.0789506e-02
220.25 1.7928650e+01 3.0437289e-02
220.26 1.8012991e+01 3.2135047e-02
220.26 1.7992409e+01 3.1708725e-02
220.26 1.7928076e+01 3.0426161e-02
221.26 1.8040405e+01 3.2715309e-02
221.26 1.7943651e+01 3.0729853e-02
221.26 1.8014435e+01 3.2165244e-02
221.26 1.7970341e+01 3.1260323e-02
222.26 1.8035078e+01 3.2601424e-02
222.26 1.7981251e+01 3.1480890e-02
222.27 1.8032221e+01 3.2540567e-02
222.27 1.7996525e+01 3.1793334e-02
224.26 1.7983387e+01 3.1524330e-02
225.26 1.7977816e+01 3.1411193e-02
225.26 1.8010082e+01 3.2074314e-02
225.27 1.7937736e+01 3.0614011e-02
226.26 1.7935646e+01 3.0573239e-02
226.27 1.7924974e+01 3.0366221e-02
226.27 1.8037075e+01 3.2644048e-02
226.28 1.8030567e+01 3.2505427e-02
231.23 1.7923731e+01 3.0342205e-02
248.23 1.7830633e+01 2.8621284e-02
248.23 1.7870232e+01 2.9335370e-02
251.25 1.7910606e+01 3.0090649e-02
251.25 1.7885048e+01 2.9609300e-02
257.20 1.7820049e+01 2.8434806e-02
257.20 1.7860937e+01 2.9165419e-02
259.20 1.7860737e+01 2.9161772e-02
259.21 1.7868950e+01 2.7089713e-02
264.24 1.7874512e+01 2.9414110e-02
264.25 1.7901541e+01 2.7590463e-02
269.23 1.7914444e+01 3.0163892e-02
269.24 1.7923023e+01 3.0328581e-02
274.26 1.7862499e+01 2.9193893e-02
274.27 1.7887507e+01 2.9655106e-02
276.21 1.7943081e+01 3.0718643e-02
276.21 1.7927111e+01 2.7993826e-02
276.22 1.7892052e+01 2.9740086e-02
277.27 1.7938757e+01 3.0633952e-02
277.27 1.7974690e+01 3.1347983e-02
291.21 1.7909462e+01 3.0068856e-02
291.22 1.7869232e+01 2.9317036e-02
292.22 1.7902285e+01 2.9932683e-02
294.26 1.7901894e+01 2.9925289e-02
294.26 1.7946100e+01 3.0777985e-02
305.24 1.7909172e+01 3.0063342e-02
305.24 1.7926212e+01 3.0390121e-02
307.17 1.7910538e+01 2.7731322e-02
317.13 1.7855839e+01 2.9072804e-02
323.03 1.7870127e+01 2.7107535e-02
340.97 1.8024279e+01 2.9614054e-02
341.07 1.8065496e+01 3.3259049e-02
344.06 1.8018883e+01 3.2258567e-02
350.08 1.8033176e+01 3.2560911e-02
350.08 1.8066710e+01 3.3285655e-02
355.07 1.8094088e+01 3.3893678e-02
355.07 1.8082003e+01 3.3623446e-02
355.99 1.8083225e+01 3.3650659e-02
358.11 1.8032791e+01 3.2552715e-02
358.11 1.8083000e+01 3.3645645e-02
363.04 1.8100496e+01 3.0986926e-02
363.06 1.8091175e+01 3.3828296e-02
363.06 1.8087660e+01 3.3749592e-02
364.08 1.8095888e+01 3.3934176e-02
365.01 1.8100306e+01 3.4033850e-02
365.99 1.8040447e+01 3.2716200e-02
366.00 1.8057428e+01 3.3082873e-02
367.03 1.8099888e+01 3.4024425e-02
368.03 1.8078594e+01 3.3547763e-02
369.05 1.8139179e+01 3.4927972e-02
369.05 1.8116444e+01 3.4401305e-02
370.03 1.8084503e+01 3.3679128e-02
371.96 1.8177170e+01 3.2464314e-02
371.98 1.8147181e+01 3.5115857e-02
371.98 1.8156530e+01 3.5337087e-02
374.09 1.8179560e+01 3.5889849e-02
375.01 1.8179718e+01 3.5893701e-02
375.01 1.8097992e+01 3.3981599e-02
375.97 1.8112282e+01 3.4306016e-02
376.03 1.8133415e+01 3.1609062e-02
377.07 1.8061342e+01 3.3168171e-02
378.97 1.8089779e+01 3.3797018e-02
378.97 1.8122871e+01 3.4549125e-02
380.07 1.8096386e+01 3.3945400e-02
381.04 1.8115305e+01 3.4375183e-02
382.99 1.8135992e+01 3.4853484e-02
382.99 1.8086824e+01 3.3730920e-02
388.93 1.8046429e+01 3.2844733e-02
388.96 1.8050972e+01 3.0084346e-02
390.99 1.8031342e+01 2.9737411e-02
394.96 1.8019182e+01 3.2264855e-02
398.89 1.8064245e+01 3.3231631e-02
400.96 1.8041388e+01 2.9914198e-02
411.00 1.8056900e+01 3.3071388e-02
415.92 1.8102787e+01 3.4090020e-02
415.92 1.8067059e+01 3.3293292e-02
416.99 1.8078800e+01 3.3552334e-02
417.95 1.8026386e+01 3.2416794e-02
418.94 1.8032684e+01 3.2550432e-02
418.94 1.8089558e+01 3.3792045e-02
419.88 1.8021538e+01 2.9566398e-02
419.88 1.8039013e+01 2.9872265e-02
419.91 1.8045822e+01 3.2831661e-02
420.95 1.8048948e+01 3.2899059e-02
421.89 1.8027771e+01 3.2446124e-02
421.89 1.8030447e+01 3.2502867e-02
422.93 1.7999380e+01 3.1852245e-02
423.99 1.8015389e+01 3.2185219e-02
424.95 1.8058422e+01 3.3104517e-02
424.95 1.8040970e+01 3.2727420e-02
430.91 1.8047728e+01 3.2872718e-02
433.95 1.7966106e+01 3.1175304e-02
436.91 1.7986237e+01 3.1582396e-02
439.99 1.7976851e+01 3.1391647e-02
442.93 1.8008129e+01 3.2033633e-02
447.99 1.7942682e+01 3.0710831e-02
456.94 1.7929405e+01 3.0451911e-02
459.91 1.7855566e+01 2.9067881e-02
459.92 1.7842995e+01 2.8841423e-02
460.92 1.7884853e+01 2.9605685e-02
461.92 1.7895073e+01 2.9796751e-02
462.95 1.7940866e+01 3.0675244e-02
462.96 1.7920767e+01 3.0285139e-02
463.95 1.7840080e+01 2.8789295e-02
472.89 1.7867771e+01 2.9290240e-02
476.90 1.7825798e+01 2.8535863e-02
580.25 1.7642513e+01 2.5565254e-02
580.26 1.7687759e+01 2.6251964e-02
580.27 1.7691742e+01 2.6313823e-02
582.26 1.7681500e+01 2.6155207e-02
582.26 1.7643707e+01 2.5583012e-02
582.27 1.7711395e+01 2.6622467e-02
582.27 1.7781340e+01 2.7768062e-02
586.26 1.7667089e+01 2.5934624e-02
586.27 1.7699642e+01 2.6437206e-02
586.27 1.7687668e+01 2.6250541e-02
588.26 1.7680935e+01 2.6146503e-02
588.26 1.7707178e+01 2.6555769e-02
588.27 1.7739277e+01 2.7070198e-02
611.29 1.7812374e+01 2.8300712e-02
629.29 1.7773243e+01 2.7631601e-02
633.24 1.7771805e+01 2.7607480e-02
642.20 1.7713862e+01 2.6661605e-02
654.26 1.7712978e+01 2.6647575e-02
658.24 1.7749859e+01 2.7243204e-02
658.24 1.7696836e+01 2.6393296e-02
661.26 1.7717590e+01 2.6720945e-02
662.24 1.7725670e+01 2.6850246e-02
663.22 1.7729797e+01 2.6916666e-02
664.26 1.7710758e+01 2.6612381e-02
666.26 1.7688116e+01 2.6257489e-02
667.24 1.7702416e+01 2.6480751e-02
667.24 1.7716709e+01 2.6706908e-02
668.25 1.7690022e+01 2.6287079e-02
669.26 1.7702938e+01 2.6488958e-02
670.24 1.7688568e+01 2.6264517e-02
670.24 1.7734074e+01 2.6985751e-02
671.19 1.7717676e+01 2.6722316e-02
673.19 1.7678320e+01 2.6106283e-02
674.21 1.7712412e+01 2.6638592e-02
677.21 1.7701599e+01 2.6467919e-02
677.22 1.7704977e+01 2.6521042e-02
678.16 1.7723137e+01 2.6809605e-02
681.19 1.7691990e+01 2.6317684e-02
681.19 1.7659609e+01 2.5821289e-02
682.18 1.7721479e+01 2.6783071e-02
686.13 1.7713669e+01 2.6658557e-02
686.14 1.7675373e+01 2.6061064e-02
687.21 1.7691227e+01 2.6305812e-02
689.19 1.7681803e+01 2.6159875e-02
689.19 1.7691303e+01 2.6306996e-02
691.17 1.7680203e+01 2.6135230e-02
694.17 1.7672348e+01 2.6014769e-02
694.17 1.7665482e+01 2.5910191e-02
695.16 1.7676800e+01 2.6082944e-02
696.19 1.7664427e+01 2.5894182e-02
697.12 1.7689484e+01 2.6278727e-02
698.15 1.7662956e+01 2.5871906e-02
719.13 1.7715340e+01 2.6685104e-02
719.13 1.7743244e+01 2.7134860e-02
723.12 1.7760937e+01 2.7426155e-02
724.12 1.7774063e+01 2.7645377e-02
724.12 1.7769251e+01 2.7564691e-02
727.07 1.7828693e+01 2.8586976e-02
727.08 1.7782341e+01 2.7785011e-02
736.98 1.7806057e+01 2.8191030e-02
736.98 1.7760797e+01 2.7423838e-02
739.01 1.7819023e+01 2.8416816e-02
745.03 1.7782524e+01 2.7788119e-02
745.03 1.7782534e+01 2.7788281e-02
747.00 1.7759842e+01 2.7407978e-02
748.02 1.7773474e+01 2.7635487e-02
748.03 1.7785564e+01 2.7839674e-02
749.06 1.7817362e+01 2.8387750e-02
750.06 1.7752785e+01 2.7291331e-02
751.09 1.7765755e+01 2.7506297e-02
751.09 1.7778084e+01 2.7713070e-02
753.93 1.7799473e+01 2.8077416e-02
756.97 1.7792793e+01 2.7962860e-02
762.03 1.7791618e+01 2.5959318e-02
762.97 1.7812046e+01 2.8294982e-02
777.00 1.7777298e+01 2.7699826e-02
779.97 1.7813900e+01 2.8327296e-02
780.99 1.7789721e+01 2.5932567e-02
786.95 1.7780662e+01 2.7756611e-02
791.92 1.7760628e+01 2.7421029e-02
794.94 1.7827251e+01 2.8561521e-02
797.93 1.7817711e+01 2.8393839e-02
800.95 1.7792599e+01 2.7959539e-02
801.90 1.7817144e+01 2.6323652e-02
803.95 1.7844604e+01 2.8870264e-02
806.93 1.7843201e+01 2.8845120e-02
809.90 1.7887739e+01 2.9659443e-02
813.93 1.7928375e+01 3.0431954e-02
819.91 1.7883173e+01 2.9574428e-02
820.91 1.7901384e+01 2.9915672e-02
821.93 1.7915958e+01 3.0192859e-02
822.92 1.7982304e+01 3.1502280e-02
823.97 1.7995792e+01 3.1778261e-02
825.96 1.7987425e+01 3.1606667e-02
842.90 1.7957993e+01 3.1013288e-02
851.87 1.7952766e+01 3.0909568e-02
851.87 1.7955704e+01 2.8456010e-02
851.94 1.7994526e+01 3.1752214e-02
852.87 1.7971897e+01 3.1291641e-02
852.87 1.7964292e+01 2.8597189e-02
852.94 1.7988857e+01 3.1635936e-02
853.87 1.7917793e+01 3.0228041e-02
853.87 1.8031794e+01 2.9745327e-02
862.87 1.7983702e+01 3.1530738e-02
862.88 1.7995060e+01 3.1763196e-02
864.86 1.7972788e+01 3.1309586e-02
866.86 1.8013767e+01 3.2151274e-02
866.87 1.8003927e+01 3.1946331e-02
866.87 1.8000891e+01 3.1883460e-02
868.86 1.7948988e+01 3.0834900e-02
868.86 1.7946123e+01 3.0778427e-02
868.87 1.7940998e+01 3.0677810e-02
868.87 1.7968683e+01 3.1226989e-02
870.86 1.7909700e+01 3.0073391e-02
870.87 1.7962202e+01 3.1097181e-02
872.86 1.7932129e+01 3.0504772e-02
872.87 1.7950157e+01 3.0857965e-02
874.85 1.7902977e+01 2.9945785e-02
874.86 1.7935497e+01 3.0570336e-02
874.86 1.7943243e+01 3.0721823e-02
874.87 1.7915970e+01 3.0193089e-02
874.87 1.7911486e+01 3.0107396e-02
963.27 1.7869801e+01 2.9327448e-02
967.23 1.7803320e+01 2.8143715e-02
971.23 1.7911604e+01 3.0109670e-02
976.25 1.7915165e+01 3.0177688e-02
978.23 1.7895569e+01 2.9806070e-02
981.21 1.7936615e+01 3.0592117e-02
985.25 1.7867168e+01 2.9279193e-02
987.22 1.7923821e+01 3.0343957e-02
998.25 1.7950996e+01 3.0874550e-02
1000.20 1.7995434e+01 3.1770874e-02
1002.20 1.8022717e+01 3.2339279e-02
1004.24 1.8080277e+01 3.3585090e-02
1006.22 1.7955904e+01 3.0971779e-02
1010.22 1.8032589e+01 3.2548405e-02
1012.22 1.8027172e+01 3.2433420e-02
1014.20 1.8071758e+01 3.3396665e-02
1016.21 1.8080277e+01 3.3585090e-02
1032.13 1.8026291e+01 3.2414775e-02
1034.19 1.8029325e+01 3.2479081e-02
1038.14 1.8034233e+01 3.2583408e-02
1045.09 1.8044140e+01 3.2795470e-02
1047.23 1.8016088e+01 3.2199912e-02
1049.10 1.8066112e+01 3.3272557e-02
1051.09 1.8070826e+01 3.3376101e-02
1053.09 1.8072399e+01 3.3410773e-02
1055.17 1.8009361e+01 3.2059278e-02
1057.12 1.7819256e+01 2.8420888e-02
1059.08 1.8134354e+01 3.4815297e-02
1063.14 1.8105064e+01 3.4141656e-02
1074.06 1.8107590e+01 3.4199037e-02
1075.97 1.8059833e+01 3.3135273e-02
1080.00 1.8039112e+01 3.2687608e-02
1084.97 1.8108469e+01 3.4219064e-02
1087.04 1.8033922e+01 3.2576803e-02
1090.06 1.8077526e+01 3.3524092e-02
1092.01 1.8031971e+01 3.2535270e-02
1094.01 1.8057951e+01 3.3094238e-02
1096.03 1.8025301e+01 3.2393850e-02
1100.04 1.8040478e+01 3.2716870e-02
1104.03 1.7951046e+01 3.0875539e-02
1106.06 1.7973291e+01 3.1319760e-02
1108.01 1.7959185e+01 3.1037012e-02
1111.99 1.8097908e+01 3.3979718e-02
1118.01 1.7949654e+01 3.0848030e-02
1121.01 1.7944382e+01 3.0744210e-02
1123.01 1.7929482e+01 3.0453390e-02
1125.01 1.7887104e+01 2.9647613e-02
1126.97 1.7868515e+01 2.9303871e-02
1129.01 1.7862206e+01 2.9188525e-02
1131.03 1.7818163e+01 2.8401768e-02
1132.99 1.7846893e+01 2.8911360e-02
1136.97 1.7810402e+01 2.8266393e-02
1140.99 1.7833187e+01 2.8666573e-02
1144.07 1.7869636e+01 2.9324450e-02
1146.04 1.7851391e+01 2.8992370e-02
1149.93 1.7817760e+01 2.8394716e-02
1153.93 1.7888626e+01 2.9676000e-02
1157.93 1.7895636e+01 2.9807324e-02
1159.94 1.7846529e+01 2.8904829e-02
1161.94 1.7894289e+01 2.9782044e-02
1163.92 1.7834408e+01 2.8688252e-02
1165.91 1.7835821e+01 2.8713364e-02
1167.95 1.7848865e+01 2.8946854e-02
1169.91 1.7860001e+01 2.9148389e-02
1174.00 1.7749676e+01 2.7240187e-02
1175.93 1.7866589e+01 2.9268585e-02
1177.94 1.7785780e+01 2.7843339e-02
1179.91 1.7813866e+01 2.8326694e-02
1182.91 1.7788038e+01 2.7881734e-02
1184.94 1.7809725e+01 2.8254628e-02
1186.94 1.7804346e+01 2.8161446e-02
1188.96 1.7827438e+01 2.8564801e-02
1193.94 1.7871510e+01 2.9358851e-02
1308.27 1.7670517e+01 2.5986817e-02
1308.27 1.7596291e+01 2.4893377e-02
1309.26 1.7685108e+01 2.6210913e-02
1309.26 1.7673172e+01 2.6027359e-02
1309.27 1.7631489e+01 2.5402324e-02
1310.26 1.7731226e+01 2.6939727e-02
1310.26 1.7692312e+01 2.6322693e-02
1310.26 1.7637436e+01 2.5490010e-02
1310.27 1.7695978e+01 2.6379880e-02
1310.27 1.7722237e+01 2.6795186e-02
1311.27 1.7649553e+01 2.5670199e-02
1311.27 1.7607586e+01 2.5054853e-02
1311.27 1.7670425e+01 2.5985416e-02
1319.25 1.7661663e+01 2.5852330e-02
1319.26 1.7699423e+01 2.6433768e-02
1319.26 1.7687426e+01 2.6246790e-02
1319.26 1.7692553e+01 2.6326442e-02
1319.26 1.7636864e+01 2.5481554e-02
1322.26 1.7629185e+01 2.5368484e-02
1333.25 1.7656746e+01 2.5778117e-02
