1.0 9.5393264e-01 5.0950093e-03
2.0 9.5603682e-01 5.1006255e-03
3.0 9.6018516e-01 5.1116796e-03
4.0 9.5371590e-01 5.0944305e-03
5.0 9.5747380e-01 5.1044573e-03
6.0 9.5498514e-01 5.0978193e-03
7.0 9.6042199e-01 5.1123100e-03
8.0 9.6366339e-01 5.1209297e-03
9.0 9.6192233e-01 5.1163015e-03
10.0 9.6868605e-01 5.1342576e-03
11.0 9.7108600e-01 5.1406138e-03
12.0 9.7189381e-01 5.1427515e-03
13.0 9.7301376e-01 5.1457137e-03
14.0 9.7183073e-01 5.1425846e-03
15.0 9.7509659e-01 5.1512182e-03
16.0 9.7333483e-01 5.1465626e-03
17.0 9.7346376e-01 5.1469035e-03
18.0 9.7013953e-01 5.1381080e-03
19.0 9.7066867e-01 5.1395090e-03
20.0 9.7017019e-01 5.1381892e-03
21.0 9.7155734e-01 5.1418612e-03
22.0 9.6667178e-01 5.1289168e-03
23.0 9.6470964e-01 5.1237088e-03
24.0 9.6367110e-01 5.1209501e-03
25.0 9.6762570e-01 5.1314468e-03
26.0 9.6623686e-01 5.1277628e-03
27.0 9.6596671e-01 5.1270459e-03
28.0 9.6966490e-01 5.1368510e-03
29.0 9.7336129e-01 5.1466326e-03
30.0 9.7435931e-01 5.1492704e-03
31.0 9.7419741e-01 5.1488426e-03
32.0 9.7059512e-01 5.1393143e-03
33.0 9.7391029e-01 5.1480838e-03
34.0 9.7837830e-01 5.1598792e-03
35.0 9.7604108e-01 5.1537124e-03
36.0 9.7584425e-01 5.1531927e-03
37.0 9.7388944e-01 5.1480287e-03
38.0 9.7055276e-01 5.1392022e-03
39.0 9.7199912e-01 5.1430301e-03
40.0 9.7081966e-01 5.1399088e-03
41.0 9.6869451e-01 5.1342800e-03
42.0 9.7153893e-01 5.1418125e-03
43.0 9.6634156e-01 5.1280406e-03
44.0 9.6731888e-01 5.1306331e-03
45.0 9.6722193e-01 5.1303760e-03
46.0 9.6693312e-01 5.1296100e-03
47.0 9.6619455e-01 5.1276506e-03
48.0 9.6724171e-01 5.1304285e-03
49.0 9.6427772e-01 5.1225617e-03
50.0 9.6337811e-01 5.1201716e-03
51.0 9.5849719e-01 5.1071846e-03
52.0 9.5655028e-01 5.1019950e-03
53.0 9.5509444e-01 5.0981110e-03
54.0 9.5578339e-01 5.0999494e-03
55.0 9.5352529e-01 5.0939214e-03
56.0 9.5259674e-01 5.0914405e-03
57.0 9.5160555e-01 5.0887910e-03
58.0 9.5481561e-01 5.0973668e-03
59.0 9.5382111e-01 5.0947115e-03
60.0 9.5541385e-01 5.0989634e-03
61.0 9.5576374e-01 5.0998970e-03
62.0 9.6025001e-01 5.1118522e-03
63.0 9.6222626e-01 5.1171098e-03
64.0 9.6137516e-01 5.1148462e-03
65.0 9.5954007e-01 5.1099622e-03
66.0 9.5870018e-01 5.1077253e-03
67.0 9.5677368e-01 5.1025908e-03
68.0 9.5496319e-01 5.0977607e-03
69.0 9.5464001e-01 5.0968980e-03
70.0 9.5624890e-01 5.1011912e-03
71.0 9.6103224e-01 5.1139339e-03
72.0 9.6107125e-01 5.1140377e-03
73.0 9.5591039e-01 5.1002882e-03
74.0 9.5612319e-01 5.1008559e-03
75.0 9.5353253e-01 5.0939407e-03
76.0 9.5274309e-01 5.0918316e-03
77.0 9.5399455e-01 5.0951747e-03
78.0 9.5145366e-01 5.0883849e-03
79.0 9.5262543e-01 5.0915172e-03
80.0 9.4974549e-01 5.0838151e-03
81.0 9.5249260e-01 5.0911622e-03
82.0 9.5320781e-01 5.0930733e-03
83.0 9.4944628e-01 5.0830143e-03
84.0 9.5173759e-01 5.0891440e-03
85.0 9.4895120e-01 5.0816888e-03
86.0 9.5384140e-01 5.0947657e-03
87.0 9.5775937e-01 5.1052185e-03
88.0 9.5355231e-01 5.0939935e-03
89.0 9.5443162e-01 5.0963417e-03
90.0 9.5422994e-01 5.0958032e-03
91.0 9.5592437e-01 5.1003255e-03
92.0 9.5729645e-01 5.1039846e-03
93.0 9.5965103e-01 5.1102576e-03
94.0 9.6223009e-01 5.1171199e-03
95.0 9.6057061e-01 5.1127055e-03
96.0 9.6317119e-01 5.1196217e-03
97.0 9.6211481e-01 5.1168134e-03
98.0 9.6452669e-01 5.1232229e-03
99.0 9.6441826e-01 5.1229350e-03
100.0 9.6693553e-01 5.1296164e-03
101.0 9.6897448e-01 5.1350219e-03
102.0 9.7021407e-01 5.1383054e-03
103.0 9.6959616e-01 5.1366689e-03
104.0 9.6659621e-01 5.1287163e-03
105.0 9.7146641e-01 5.1416206e-03
106.0 9.7004958e-01 5.1378698e-03
107.0 9.6960751e-01 5.1366990e-03
108.0 9.7165153e-01 5.1421104e-03
109.0 9.6739597e-01 5.1308376e-03
110.0 9.6916425e-01 5.1355247e-03
111.0 9.6437152e-01 5.1228108e-03
112.0 9.6110959e-01 5.1141397e-03
113.0 9.6029662e-01 5.1119763e-03
114.0 9.6176052e-01 5.1158712e-03
115.0 9.5664457e-01 5.1022465e-03
116.0 9.6087293e-01 5.1135100e-03
117.0 9.6587071e-01 5.1267912e-03
118.0 9.6932334e-01 5.1359462e-03
119.0 9.7265850e-01 5.1447743e-03
120.0 9.7477548e-01 5.1503700e-03
121.0 9.7385500e-01 5.1479376e-03
122.0 9.7075401e-01 5.1397350e-03
123.0 9.6487237e-01 5.1241409e-03
124.0 9.6504594e-01 5.1246018e-03
125.0 9.6525333e-01 5.1251524e-03
126.0 9.6371141e-01 5.1210572e-03
127.0 9.6449956e-01 5.1231509e-03
128.0 9.6506946e-01 5.1246642e-03
129.0 9.6615284e-01 5.1275399e-03
130.0 9.6593637e-01 5.1269654e-03
131.0 9.6599021e-01 5.1271083e-03
132.0 9.6352838e-01 5.1205709e-03
133.0 9.6439586e-01 5.1228755e-03
134.0 9.6551358e-01 5.1258433e-03
135.0 9.6658186e-01 5.1286782e-03
136.0 9.6112200e-01 5.1141727e-03
137.0 9.6510024e-01 5.1247460e-03
138.0 9.6541644e-01 5.1255854e-03
139.0 9.6409286e-01 5.1220706e-03
140.0 9.6866443e-01 5.1342003e-03
141.0 9.6725675e-01 5.1304684e-03
142.0 9.7042523e-01 5.1388645e-03
143.0 9.6745812e-01 5.1310024e-03
144.0 9.6697512e-01 5.1297214e-03
145.0 9.6269985e-01 5.1183689e-03
146.0 9.6040143e-01 5.1122553e-03
147.0 9.5691890e-01 5.1029780e-03
148.0 9.5750096e-01 5.1045297e-03
149.0 9.5894306e-01 5.1083723e-03
150.0 9.6262745e-01 5.1181764e-03
151.0 9.6816475e-01 5.1328759e-03
152.0 9.7035464e-01 5.1386776e-03
153.0 9.7640574e-01 5.1546750e-03
154.0 9.7992263e-01 5.1639499e-03
155.0 9.8068517e-01 5.1659587e-03
156.0 9.7718532e-01 5.1567324e-03
157.0 9.7155350e-01 5.1418510e-03
158.0 9.6919816e-01 5.1356146e-03
159.0 9.6706644e-01 5.1299636e-03
160.0 9.6241979e-01 5.1176243e-03
161.0 9.6215366e-01 5.1169167e-03
162.0 9.5694257e-01 5.1030411e-03
163.0 9.5504223e-01 5.0979717e-03
164.0 9.5253906e-01 5.0912864e-03
165.0 9.5670792e-01 5.1024154e-03
166.0 9.5717718e-01 5.1036666e-03
167.0 9.5577744e-01 5.0999335e-03
168.0 9.6070403e-01 5.1130606e-03
169.0 9.5414270e-01 5.0955703e-03
170.0 9.5605404e-01 5.1006715e-03
171.0 9.5302829e-01 5.0925937e-03
172.0 9.5119412e-01 5.0876908e-03
173.0 9.5465550e-01 5.0969394e-03
174.0 9.5856238e-01 5.1073582e-03
175.0 9.5365848e-01 5.0942771e-03
176.0 9.5486530e-01 5.0974994e-03
177.0 9.5760178e-01 5.1047985e-03
178.0 9.5619873e-01 5.1010574e-03
179.0 9.5762569e-01 5.1048622e-03
180.0 9.5578093e-01 5.0999429e-03
181.0 9.5727799e-01 5.1039354e-03
182.0 9.5778380e-01 5.1052836e-03
183.0 9.5890388e-01 5.1082679e-03
184.0 9.5697505e-01 5.1031277e-03
185.0 9.6012507e-01 5.1115196e-03
186.0 9.6098202e-01 5.1138003e-03
187.0 9.5723376e-01 5.1038175e-03
188.0 9.5220157e-01 5.0903844e-03
189.0 9.4919584e-01 5.0823438e-03
190.0 9.4425258e-01 5.0690925e-03
191.0 9.4320344e-01 5.0662757e-03
192.0 9.4602702e-01 5.0738532e-03
193.0 9.4642757e-01 5.0749273e-03
194.0 9.4629153e-01 5.0745625e-03
195.0 9.4316898e-01 5.0661831e-03
196.0 9.4431407e-01 5.0692576e-03
197.0 9.4259292e-01 5.0646358e-03
198.0 9.4641558e-01 5.0748951e-03
199.0 9.4120960e-01 5.0609180e-03
200.0 9.4082621e-01 5.0598872e-03
201.0 9.4043351e-01 5.0588311e-03
202.0 9.3474573e-01 5.0435099e-03
203.0 9.3474551e-01 5.0435093e-03
204.0 9.3631991e-01 5.0477549e-03
205.0 9.3758562e-01 5.0511655e-03
206.0 9.3842185e-01 5.0534176e-03
207.0 9.3680944e-01 5.0490743e-03
208.0 9.3881531e-01 5.0544769e-03
209.0 9.3972946e-01 5.0569371e-03
210.0 9.3760852e-01 5.0512272e-03
211.0 9.3608792e-01 5.0471295e-03
212.0 9.3749916e-01 5.0509326e-03
213.0 9.3955478e-01 5.0564671e-03
214.0 9.3831243e-01 5.0531230e-03
215.0 9.4140816e-01 5.0614518e-03
216.0 9.4003192e-01 5.0577508e-03
217.0 9.4078376e-01 5.0597730e-03
218.0 9.4229939e-01 5.0638471e-03
219.0 9.4234397e-01 5.0639669e-03
220.0 9.4128900e-01 5.0611315e-03
221.0 9.4336134e-01 5.0666997e-03
222.0 9.4444661e-01 5.0696133e-03
223.0 9.4759789e-01 5.0780640e-03
224.0 9.4653127e-01 5.0752053e-03
225.0 9.4846264e-01 5.0803806e-03
226.0 9.4964238e-01 5.0835392e-03
227.0 9.5267212e-01 5.0916420e-03
228.0 9.5153338e-01 5.0885980e-03
229.0 9.4182773e-01 5.0625796e-03
230.0 9.3844225e-01 5.0534725e-03
231.0 9.4275566e-01 5.0650729e-03
232.0 9.4340914e-01 5.0668281e-03
233.0 9.4263767e-01 5.0647560e-03
234.0 9.4278152e-01 5.0651424e-03
235.0 9.3898907e-01 5.0549446e-03
236.0 9.3847309e-01 5.0535555e-03
237.0 9.3831959e-01 5.0531422e-03
238.0 9.3695357e-01 5.0494627e-03
239.0 9.4059341e-01 5.0592611e-03
240.0 9.4057557e-01 5.0592131e-03
241.0 9.3891128e-01 5.0547352e-03
242.0 9.3788742e-01 5.0519784e-03
243.0 9.3728806e-01 5.0503639e-03
244.0 9.3847264e-01 5.0535543e-03
245.0 9.3721701e-01 5.0501725e-03
246.0 9.3642136e-01 5.0480284e-03
247.0 9.3288500e-01 5.0384875e-03
248.0 9.3676460e-01 5.0489534e-03
249.0 9.3785961e-01 5.0519035e-03
250.0 9.3595877e-01 5.0467813e-03
251.0 9.3913896e-01 5.0553480e-03
252.0 9.3695761e-01 5.0494735e-03
253.0 9.3525332e-01 5.0448791e-03
254.0 9.4154725e-01 5.0618257e-03
255.0 9.4098416e-01 5.0603119e-03
256.0 9.3885110e-01 5.0545732e-03
257.0 9.4237652e-01 5.0640544e-03
258.0 9.3983714e-01 5.0572268e-03
259.0 9.3931075e-01 5.0558104e-03
260.0 9.4239064e-01 5.0640923e-03
261.0 9.4458356e-01 5.0699809e-03
262.0 9.4245580e-01 5.0642674e-03
263.0 9.4484980e-01 5.0706953e-03
264.0 9.4825845e-01 5.0798336e-03
265.0 9.4345018e-01 5.0669383e-03
266.0 9.4155784e-01 5.0618542e-03
267.0 9.3792674e-01 5.0520843e-03
268.0 9.3782839e-01 5.0518194e-03
269.0 9.3436776e-01 5.0424901e-03
270.0 9.3489888e-01 5.0439230e-03
271.0 9.3319653e-01 5.0393287e-03
272.0 9.3577174e-01 5.0462771e-03
273.0 9.3153885e-01 5.0348509e-03
274.0 9.3255371e-01 5.0375928e-03
275.0 9.3418516e-01 5.0419973e-03
276.0 9.3441897e-01 5.0426283e-03
277.0 9.3358951e-01 5.0403897e-03
278.0 9.4248765e-01 5.0643529e-03
279.0 9.4518597e-01 5.0715973e-03
280.0 9.4212060e-01 5.0633667e-03
281.0 9.4492235e-01 5.0708900e-03
282.0 9.4444866e-01 5.0696188e-03
283.0 9.4207339e-01 5.0632398e-03
284.0 9.4268846e-01 5.0648924e-03
285.0 9.4554111e-01 5.0725500e-03
286.0 9.4862048e-01 5.0808033e-03
287.0 9.4851415e-01 5.0805185e-03
288.0 9.5353093e-01 5.0939364e-03
289.0 9.5267502e-01 5.0916497e-03
290.0 9.5499555e-01 5.0978471e-03
291.0 9.5432217e-01 5.0960495e-03
292.0 9.5739498e-01 5.1042472e-03
293.0 9.6036329e-01 5.1121537e-03
294.0 9.6347092e-01 5.1204182e-03
295.0 9.6118208e-01 5.1143325e-03
296.0 9.5755431e-01 5.1046719e-03
297.0 9.5927629e-01 5.1092598e-03
298.0 9.6005362e-01 5.1113295e-03
299.0 9.5815971e-01 5.1062854e-03
300.0 9.5740289e-01 5.1042683e-03
301.0 9.5846779e-01 5.1071062e-03
302.0 9.6079721e-01 5.1133085e-03
303.0 9.6094365e-01 5.1136982e-03
304.0 9.6213502e-01 5.1168671e-03
305.0 9.6151875e-01 5.1152281e-03
306.0 9.6453612e-01 5.1232480e-03
307.0 9.6503468e-01 5.1245719e-03
308.0 9.6580370e-01 5.1266133e-03
309.0 9.6277093e-01 5.1185578e-03
310.0 9.6109940e-01 5.1141126e-03
311.0 9.6079386e-01 5.1132996e-03
312.0 9.5674978e-01 5.1025270e-03
313.0 9.5556807e-01 5.0993749e-03
314.0 9.5536656e-01 5.0988372e-03
315.0 9.5642801e-01 5.1016689e-03
316.0 9.5537621e-01 5.0988630e-03
317.0 9.5212702e-01 5.0901851e-03
318.0 9.4704708e-01 5.0765879e-03
319.0 9.4624051e-01 5.0744257e-03
320.0 9.4855577e-01 5.0806300e-03
321.0 9.4550055e-01 5.0724412e-03
322.0 9.4426527e-01 5.0691266e-03
323.0 9.4461353e-01 5.0700613e-03
324.0 9.4325416e-01 5.0664119e-03
325.0 9.4211133e-01 5.0633418e-03
326.0 9.4128267e-01 5.0611145e-03
327.0 9.4091687e-01 5.0601310e-03
328.0 9.4236690e-01 5.0640285e-03
329.0 9.4294577e-01 5.0655836e-03
330.0 9.4332547e-01 5.0666034e-03
331.0 9.4401360e-01 5.0684510e-03
332.0 9.4570514e-01 5.0729900e-03
333.0 9.4330364e-01 5.0665448e-03
334.0 9.4478928e-01 5.0705329e-03
335.0 9.4548484e-01 5.0723991e-03
336.0 9.4339000e-01 5.0667767e-03
337.0 9.4191621e-01 5.0628174e-03
338.0 9.3946937e-01 5.0562372e-03
339.0 9.4232376e-01 5.0639126e-03
340.0 9.4355131e-01 5.0672099e-03
341.0 9.4965945e-01 5.0835849e-03
342.0 9.5388788e-01 5.0948898e-03
343.0 9.4784710e-01 5.0787317e-03
344.0 9.5053225e-01 5.0859204e-03
345.0 9.4757056e-01 5.0779908e-03
346.0 9.4241598e-01 5.0641604e-03
347.0 9.3955278e-01 5.0564617e-03
348.0 9.4276048e-01 5.0650859e-03
349.0 9.4135907e-01 5.0613199e-03
350.0 9.4056648e-01 5.0591887e-03
351.0 9.4209594e-01 5.0633004e-03
352.0 9.4420056e-01 5.0689529e-03
353.0 9.4107244e-01 5.0605493e-03
354.0 9.4142783e-01 5.0615047e-03
355.0 9.4120180e-01 5.0608971e-03
356.0 9.4027466e-01 5.0584038e-03
357.0 9.4209588e-01 5.0633003e-03
358.0 9.3816243e-01 5.0527190e-03
359.0 9.3444533e-01 5.0426994e-03
360.0 9.3267807e-01 5.0379286e-03
361.0 9.3555695e-01 5.0456979e-03
362.0 9.3567149e-01 5.0460068e-03
363.0 9.3292149e-01 5.0385860e-03
364.0 9.3601150e-01 5.0469235e-03
365.0 9.3525457e-01 5.0448824e-03
366.0 9.3587009e-01 5.0465423e-03
367.0 9.3198806e-01 5.0360647e-03
368.0 9.3301187e-01 5.0388301e-03
369.0 9.3500641e-01 5.0442131e-03
370.0 9.3774934e-01 5.0516065e-03
371.0 9.4109690e-01 5.0606150e-03
372.0 9.3948030e-01 5.0562666e-03
373.0 9.4002513e-01 5.0577326e-03
374.0 9.3873207e-01 5.0542528e-03
375.0 9.3824290e-01 5.0529357e-03
376.0 9.3608061e-01 5.0471098e-03
377.0 9.3595445e-01 5.0467697e-03
378.0 9.3174223e-01 5.0354005e-03
379.0 9.3615744e-01 5.0473169e-03
380.0 9.3170778e-01 5.0353074e-03
381.0 9.3333006e-01 5.0396892e-03
382.0 9.3644587e-01 5.0480944e-03
383.0 9.3760762e-01 5.0512248e-03
384.0 9.4157067e-01 5.0618887e-03
385.0 9.3603692e-01 5.0469920e-03
386.0 9.3578661e-01 5.0463172e-03
387.0 9.3162979e-01 5.0350967e-03
388.0 9.2837898e-01 5.0263043e-03
389.0 9.2741367e-01 5.0236905e-03
390.0 9.2272096e-01 5.0109645e-03
391.0 9.2362121e-01 5.0134083e-03
392.0 9.2549943e-01 5.0185032e-03
393.0 9.1991377e-01 5.0033362e-03
394.0 9.1868739e-01 5.0000000e-03
395.0 9.2296512e-01 5.0116274e-03
396.0 9.2130455e-01 5.0071170e-03
397.0 9.2207144e-01 5.0092005e-03
398.0 9.2647161e-01 5.0211383e-03
399.0 9.2508663e-01 5.0173839e-03
400.0 9.2883790e-01 5.0275465e-03
401.0 9.3381073e-01 5.0409868e-03
402.0 9.3215089e-01 5.0365047e-03
403.0 9.3484463e-01 5.0437767e-03
404.0 9.3928716e-01 5.0557469e-03
405.0 9.3663875e-01 5.0486143e-03
406.0 9.3743026e-01 5.0507470e-03
407.0 9.4072917e-01 5.0596262e-03
408.0 9.4238811e-01 5.0640855e-03
409.0 9.3619409e-01 5.0474157e-03
410.0 9.3549477e-01 5.0455302e-03
411.0 9.3575411e-01 5.0462295e-03
412.0 9.3948035e-01 5.0562668e-03
413.0 9.3574421e-01 5.0462028e-03
414.0 9.3399429e-01 5.0414822e-03
415.0 9.3281123e-01 5.0382883e-03
416.0 9.3418768e-01 5.0420041e-03
417.0 9.3215397e-01 5.0365130e-03
418.0 9.3557964e-01 5.0457591e-03
419.0 9.3907636e-01 5.0551795e-03
420.0 9.4208362e-01 5.0632673e-03
421.0 9.4646677e-01 5.0750324e-03
422.0 9.4744033e-01 5.0776418e-03
423.0 9.4730629e-01 5.0772827e-03
424.0 9.4729021e-01 5.0772395e-03
425.0 9.5077818e-01 5.0865783e-03
426.0 9.5354988e-01 5.0939871e-03
427.0 9.5161794e-01 5.0888241e-03
428.0 9.5121961e-01 5.0877590e-03
429.0 9.4881414e-01 5.0813218e-03
430.0 9.5445303e-01 5.0963989e-03
431.0 9.5515921e-01 5.0982839e-03
432.0 9.5507115e-01 5.0980489e-03
433.0 9.5481228e-01 5.0973579e-03
434.0 9.6001895e-01 5.1112372e-03
435.0 9.5655576e-01 5.1020096e-03
436.0 9.5747970e-01 5.1044731e-03
437.0 9.6010516e-01 5.1114667e-03
438.0 9.6017047e-01 5.1116405e-03
439.0 9.6309900e-01 5.1194299e-03
440.0 9.6310737e-01 5.1194521e-03
441.0 9.6491326e-01 5.1242495e-03
442.0 9.6591419e-01 5.1269066e-03
443.0 9.6500260e-01 5.1244867e-03
444.0 9.6211212e-01 5.1168062e-03
445.0 9.6040994e-01 5.1122779e-03
446.0 9.5954716e-01 5.1099811e-03
447.0 9.6183369e-01 5.1160658e-03
448.0 9.5950200e-01 5.1098608e-03
449.0 9.6456486e-01 5.1233243e-03
450.0 9.6497625e-01 5.1244168e-03
451.0 9.6363750e-01 5.1208609e-03
452.0 9.6449824e-01 5.1231474e-03
453.0 9.6599687e-01 5.1271260e-03
454.0 9.6717536e-01 5.1302525e-03
455.0 9.6921911e-01 5.1356701e-03
456.0 9.6391584e-01 5.1216004e-03
457.0 9.6482844e-01 5.1240243e-03
458.0 9.5854629e-01 5.1073154e-03
459.0 9.5728033e-01 5.1039416e-03
460.0 9.6077733e-01 5.1132556e-03
461.0 9.5760920e-01 5.1048182e-03
462.0 9.5812042e-01 5.1061807e-03
463.0 9.5638285e-01 5.1015485e-03
464.0 9.5159743e-01 5.0887693e-03
465.0 9.5154084e-01 5.0886179e-03
466.0 9.5208390e-01 5.0900698e-03
467.0 9.4800757e-01 5.0791616e-03
468.0 9.4645910e-01 5.0750118e-03
469.0 9.4104926e-01 5.0604869e-03
470.0 9.4214185e-01 5.0634238e-03
471.0 9.4277958e-01 5.0651372e-03
472.0 9.4640883e-01 5.0748770e-03
473.0 9.4217713e-01 5.0635186e-03
474.0 9.3995060e-01 5.0575321e-03
475.0 9.4525375e-01 5.0717791e-03
476.0 9.4794573e-01 5.0789959e-03
477.0 9.5192707e-01 5.0896506e-03
478.0 9.5280560e-01 5.0919987e-03
479.0 9.5399279e-01 5.0951700e-03
480.0 9.5133551e-01 5.0880689e-03
481.0 9.5517832e-01 5.0983349e-03
482.0 9.5443682e-01 5.0963556e-03
483.0 9.5041943e-01 5.0856185e-03
484.0 9.5515594e-01 5.0982751e-03
485.0 9.5564430e-01 5.0995783e-03
486.0 9.5636379e-01 5.1014977e-03
487.0 9.5385483e-01 5.0948015e-03
488.0 9.5558262e-01 5.0994138e-03
489.0 9.5663172e-01 5.1022122e-03
490.0 9.5169763e-01 5.0890372e-03
491.0 9.4764058e-01 5.0781784e-03
492.0 9.4879148e-01 5.0812612e-03
493.0 9.4644669e-01 5.0749785e-03
494.0 9.4888585e-01 5.0815139e-03
495.0 9.4990354e-01 5.0842381e-03
496.0 9.4971823e-01 5.0837422e-03
497.0 9.4696589e-01 5.0763703e-03
498.0 9.4266380e-01 5.0648262e-03
499.0 9.4392542e-01 5.0682143e-03
500.0 9.4431605e-01 5.0692629e-03
501.0 9.4363228e-01 5.0674273e-03
502.0 9.4342017e-01 5.0668577e-03
503.0 9.4153817e-01 5.0618013e-03
504.0 9.4153385e-01 5.0617897e-03
505.0 9.3897653e-01 5.0549108e-03
506.0 9.3947663e-01 5.0562568e-03
507.0 9.4098805e-01 5.0603223e-03
508.0 9.3982007e-01 5.0571809e-03
509.0 9.3651517e-01 5.0482812e-03
510.0 9.4217535e-01 5.0635138e-03
511.0 9.4023097e-01 5.0582863e-03
512.0 9.4456699e-01 5.0699364e-03
513.0 9.4256526e-01 5.0645614e-03
514.0 9.3970180e-01 5.0568627e-03
515.0 9.4490571e-01 5.0708454e-03
516.0 9.5067544e-01 5.0863034e-03
517.0 9.4763024e-01 5.0781507e-03
518.0 9.5161849e-01 5.0888256e-03
519.0 9.5414845e-01 5.0955856e-03
520.0 9.5150837e-01 5.0885311e-03
521.0 9.5185510e-01 5.0894582e-03
522.0 9.4744978e-01 5.0776671e-03
523.0 9.4297033e-01 5.0656496e-03
524.0 9.4160424e-01 5.0619789e-03
525.0 9.4285467e-01 5.0653389e-03
526.0 9.4741113e-01 5.0775636e-03
527.0 9.4996620e-01 5.0844058e-03
528.0 9.5123843e-01 5.0878093e-03
529.0 9.5160277e-01 5.0887835e-03
530.0 9.5172537e-01 5.0891113e-03
531.0 9.5028306e-01 5.0852537e-03
532.0 9.5207365e-01 5.0900424e-03
533.0 9.4524697e-01 5.0717610e-03
534.0 9.4237009e-01 5.0640371e-03
535.0 9.4123822e-01 5.0609950e-03
536.0 9.4164920e-01 5.0620998e-03
537.0 9.4082782e-01 5.0598915e-03
538.0 9.4013013e-01 5.0580150e-03
539.0 9.4325858e-01 5.0664238e-03
540.0 9.4346711e-01 5.0669838e-03
541.0 9.4360368e-01 5.0673505e-03
542.0 9.4317437e-01 5.0661976e-03
543.0 9.4225265e-01 5.0637215e-03
544.0 9.4215532e-01 5.0634600e-03
545.0 9.4318372e-01 5.0662227e-03
546.0 9.4787936e-01 5.0788182e-03
547.0 9.4910638e-01 5.0821043e-03
548.0 9.4636185e-01 5.0747511e-03
549.0 9.4663221e-01 5.0754759e-03
550.0 9.4641771e-01 5.0749008e-03
551.0 9.4328973e-01 5.0665074e-03
552.0 9.3796403e-01 5.0521847e-03
553.0 9.3957410e-01 5.0565191e-03
554.0 9.4182283e-01 5.0625664e-03
555.0 9.4412172e-01 5.0687413e-03
556.0 9.4359161e-01 5.0673181e-03
557.0 9.4612489e-01 5.0741157e-03
558.0 9.4751116e-01 5.0778316e-03
559.0 9.5005923e-01 5.0846547e-03
560.0 9.5067792e-01 5.0863101e-03
561.0 9.4470407e-01 5.0703043e-03
562.0 9.4131315e-01 5.0611964e-03
563.0 9.3811481e-01 5.0525908e-03
564.0 9.3853601e-01 5.0537249e-03
565.0 9.3402498e-01 5.0415651e-03
566.0 9.3112433e-01 5.0337306e-03
567.0 9.3413519e-01 5.0418625e-03
568.0 9.3158138e-01 5.0349658e-03
569.0 9.3236780e-01 5.0370906e-03
570.0 9.3409178e-01 5.0417453e-03
571.0 9.3162692e-01 5.0350889e-03
572.0 9.2724184e-01 5.0232251e-03
573.0 9.2834284e-01 5.0262065e-03
574.0 9.3149728e-01 5.0347386e-03
575.0 9.3243403e-01 5.0372695e-03
576.0 9.2852246e-01 5.0266927e-03
577.0 9.2996245e-01 5.0305890e-03
578.0 9.3011227e-01 5.0309942e-03
579.0 9.3359694e-01 5.0404097e-03
580.0 9.3665294e-01 5.0486525e-03
581.0 9.3604717e-01 5.0470197e-03
582.0 9.3035722e-01 5.0316566e-03
583.0 9.2614512e-01 5.0202535e-03
584.0 9.2896433e-01 5.0278886e-03
585.0 9.2854012e-01 5.0267405e-03
586.0 9.3037811e-01 5.0317131e-03
587.0 9.3091920e-01 5.0331761e-03
588.0 9.3377983e-01 5.0409034e-03
589.0 9.3768309e-01 5.0514281e-03
590.0 9.3650121e-01 5.0482436e-03
591.0 9.3530005e-01 5.0450051e-03
592.0 9.3495284e-01 5.0440686e-03
593.0 9.3035715e-01 5.0316564e-03
594.0 9.3491821e-01 5.0439752e-03
595.0 9.3501892e-01 5.0442468e-03
596.0 9.3476697e-01 5.0435672e-03
597.0 9.3507856e-01 5.0444077e-03
598.0 9.3836707e-01 5.0532701e-03
599.0 9.3793198e-01 5.0520984e-03
600.0 9.3685571e-01 5.0491990e-03
601.0 9.3495442e-01 5.0440729e-03
602.0 9.3510727e-01 5.0444851e-03
603.0 9.3342668e-01 5.0399501e-03
604.0 9.3437242e-01 5.0425027e-03
605.0 9.3220521e-01 5.0366514e-03
606.0 9.3429334e-01 5.0422893e-03
607.0 9.3080141e-01 5.0328576e-03
608.0 9.3102847e-01 5.0334714e-03
609.0 9.3357909e-01 5.0403615e-03
610.0 9.3200971e-01 5.0361232e-03
611.0 9.3057676e-01 5.0322503e-03
612.0 9.2983616e-01 5.0302474e-03
613.0 9.3054764e-01 5.0321715e-03
614.0 9.2805390e-01 5.0254242e-03
615.0 9.3345113e-01 5.0400161e-03
616.0 9.3711274e-01 5.0498915e-03
617.0 9.3612977e-01 5.0472423e-03
618.0 9.3881179e-01 5.0544674e-03
619.0 9.3864269e-01 5.0540121e-03
620.0 9.3750069e-01 5.0509367e-03
621.0 9.4177300e-01 5.0624325e-03
622.0 9.3836250e-01 5.0532578e-03
623.0 9.4119868e-01 5.0608887e-03
624.0 9.3995902e-01 5.0575547e-03
625.0 9.3881574e-01 5.0544780e-03
626.0 9.4335633e-01 5.0666863e-03
627.0 9.4210551e-01 5.0633261e-03
628.0 9.3879075e-01 5.0544107e-03
629.0 9.4792257e-01 5.0789339e-03
630.0 9.4923247e-01 5.0824419e-03
631.0 9.5067250e-01 5.0862956e-03
632.0 9.5172500e-01 5.0891104e-03
633.0 9.4873575e-01 5.0811119e-03
634.0 9.4976943e-01 5.0838792e-03
635.0 9.4813331e-01 5.0794984e-03
636.0 9.5130538e-01 5.0879883e-03
637.0 9.5272152e-01 5.0917740e-03
638.0 9.5493359e-01 5.0976817e-03
639.0 9.5462182e-01 5.0968495e-03
640.0 9.5429358e-01 5.0959731e-03
641.0 9.5365935e-01 5.0942794e-03
642.0 9.5185742e-01 5.0894644e-03
643.0 9.5628636e-01 5.1012911e-03
644.0 9.5568291e-01 5.0996814e-03
645.0 9.5928062e-01 5.1092713e-03
646.0 9.6001229e-01 5.1112194e-03
647.0 9.6152602e-01 5.1152475e-03
648.0 9.5668453e-01 5.1023531e-03
649.0 9.5344610e-01 5.0937099e-03
650.0 9.5662251e-01 5.1021877e-03
651.0 9.5680408e-01 5.1026719e-03
652.0 9.5839939e-01 5.1069240e-03
653.0 9.5898575e-01 5.1084860e-03
654.0 9.5665210e-01 5.1022666e-03
655.0 9.5804184e-01 5.1059713e-03
656.0 9.5478142e-01 5.0972755e-03
657.0 9.5478002e-01 5.0972718e-03
658.0 9.5631310e-01 5.1013625e-03
659.0 9.5599160e-01 5.1005049e-03
660.0 9.5561345e-01 5.0994960e-03
661.0 9.5691974e-01 5.1029802e-03
662.0 9.6014795e-01 5.1115806e-03
663.0 9.5579864e-01 5.0999901e-03
664.0 9.5758271e-01 5.1047476e-03
665.0 9.5681329e-01 5.1026964e-03
666.0 9.5947474e-01 5.1097883e-03
667.0 9.5934982e-01 5.1094556e-03
668.0 9.5982830e-01 5.1107296e-03
669.0 9.5619048e-01 5.1010354e-03
670.0 9.5320005e-01 5.0930526e-03
671.0 9.5043883e-01 5.0856704e-03
672.0 9.4512377e-01 5.0714304e-03
673.0 9.4112684e-01 5.0606955e-03
674.0 9.4365504e-01 5.0674884e-03
675.0 9.4368452e-01 5.0675675e-03
676.0 9.4681350e-01 5.0759619e-03
677.0 9.5011464e-01 5.0848030e-03
678.0 9.5220247e-01 5.0903868e-03
679.0 9.4795503e-01 5.0790209e-03
680.0 9.5014374e-01 5.0848809e-03
681.0 9.5195857e-01 5.0897348e-03
682.0 9.5531796e-01 5.0987075e-03
683.0 9.5341273e-01 5.0936207e-03
684.0 9.5169165e-01 5.0890212e-03
685.0 9.5306198e-01 5.0926837e-03
686.0 9.5281450e-01 5.0920224e-03
687.0 9.5594183e-01 5.1003721e-03
688.0 9.4791628e-01 5.0789171e-03
689.0 9.4598250e-01 5.0737338e-03
690.0 9.5173305e-01 5.0891319e-03
691.0 9.5488071e-01 5.0975406e-03
692.0 9.5811512e-01 5.1061666e-03
693.0 9.5811271e-01 5.1061601e-03
694.0 9.5448169e-01 5.0964754e-03
695.0 9.5927460e-01 5.1092553e-03
696.0 9.6278451e-01 5.1185939e-03
697.0 9.6164940e-01 5.1155757e-03
698.0 9.5837961e-01 5.1068713e-03
699.0 9.5662234e-01 5.1021872e-03
700.0 9.5381312e-01 5.0946901e-03
701.0 9.5231654e-01 5.0906917e-03
702.0 9.4654015e-01 5.0752291e-03
703.0 9.4906110e-01 5.0819831e-03
704.0 9.5191114e-01 5.0896080e-03
705.0 9.4936558e-01 5.0827982e-03
706.0 9.5206720e-01 5.0900252e-03
707.0 9.4839647e-01 5.0802033e-03
708.0 9.4239260e-01 5.0640976e-03
709.0 9.5027898e-01 5.0852428e-03
710.0 9.5100740e-01 5.0871914e-03
711.0 9.5381271e-01 5.0946890e-03
712.0 9.5574220e-01 5.0998395e-03
713.0 9.5803904e-01 5.1059638e-03
714.0 9.5875940e-01 5.1078831e-03
715.0 9.5844506e-01 5.1070457e-03
716.0 9.5809747e-01 5.1061195e-03
717.0 9.5722065e-01 5.1037825e-03
718.0 9.5700962e-01 5.1032199e-03
719.0 9.5435672e-01 5.0961417e-03
720.0 9.5276013e-01 5.0918772e-03
721.0 9.5528096e-01 5.0986088e-03
722.0 9.5415411e-01 5.0956008e-03
723.0 9.5196997e-01 5.0897653e-03
724.0 9.5149009e-01 5.0884822e-03
725.0 9.5284832e-01 5.0921128e-03
726.0 9.5114937e-01 5.0875711e-03
727.0 9.5604090e-01 5.1006364e-03
728.0 9.5922495e-01 5.1091231e-03
729.0 9.5663638e-01 5.1022246e-03
730.0 9.6002803e-01 5.1112613e-03
731.0 9.5732209e-01 5.1040529e-03
732.0 9.5530378e-01 5.0986697e-03
733.0 9.5678793e-01 5.1026288e-03
734.0 9.5394455e-01 5.0950412e-03
735.0 9.5232147e-01 5.0907048e-03
736.0 9.5162254e-01 5.0888364e-03
737.0 9.4587995e-01 5.0734588e-03
738.0 9.4944017e-01 5.0829979e-03
739.0 9.4996025e-01 5.0843899e-03
740.0 9.4943663e-01 5.0829884e-03
741.0 9.5064225e-01 5.0862147e-03
742.0 9.4864894e-01 5.0808795e-03
743.0 9.4988925e-01 5.0841999e-03
744.0 9.4518842e-01 5.0716039e-03
745.0 9.4469293e-01 5.0702744e-03
746.0 9.4487297e-01 5.0707575e-03
747.0 9.4004649e-01 5.0577900e-03
748.0 9.3996160e-01 5.0575616e-03
749.0 9.4099585e-01 5.0603433e-03
750.0 9.4238936e-01 5.0640889e-03
751.0 9.4432531e-01 5.0692878e-03
752.0 9.4468627e-01 5.0702565e-03
753.0 9.4493691e-01 5.0709291e-03
754.0 9.4562317e-01 5.0727701e-03
755.0 9.4196413e-01 5.0629462e-03
756.0 9.3957852e-01 5.0565309e-03
757.0 9.3702791e-01 5.0496630e-03
758.0 9.3981233e-01 5.0571601e-03
759.0 9.4102076e-01 5.0604103e-03
760.0 9.4338813e-01 5.0667717e-03
761.0 9.4644675e-01 5.0749787e-03
762.0 9.4905885e-01 5.0819771e-03
763.0 9.4979855e-01 5.0839571e-03
764.0 9.5301290e-01 5.0925525e-03
765.0 9.5294742e-01 5.0923776e-03
766.0 9.5152184e-01 5.0885672e-03
767.0 9.5310755e-01 5.0928054e-03
768.0 9.4995395e-01 5.0843730e-03
769.0 9.4784338e-01 5.0787218e-03
770.0 9.5274597e-01 5.0918393e-03
771.0 9.5275745e-01 5.0918700e-03
772.0 9.5293259e-01 5.0923380e-03
773.0 9.5043218e-01 5.0856527e-03
774.0 9.5288020e-01 5.0921980e-03
775.0 9.5761015e-01 5.1048208e-03
776.0 9.5723475e-01 5.1038201e-03
777.0 9.5603136e-01 5.1006110e-03
778.0 9.5580459e-01 5.1000060e-03
779.0 9.5819686e-01 5.1063844e-03
780.0 9.5803998e-01 5.1059663e-03
781.0 9.5928734e-01 5.1092892e-03
782.0 9.5825907e-01 5.1065501e-03
783.0 9.5655521e-01 5.1020082e-03
784.0 9.5556497e-01 5.0993666e-03
785.0 9.5557940e-01 5.0994052e-03
786.0 9.5464053e-01 5.0968994e-03
787.0 9.4749632e-01 5.0777919e-03
788.0 9.4889152e-01 5.0815291e-03
789.0 9.4476957e-01 5.0704801e-03
790.0 9.4278722e-01 5.0651577e-03
791.0 9.4532067e-01 5.0719587e-03
792.0 9.4996622e-01 5.0844059e-03
793.0 9.5420157e-01 5.0957275e-03
794.0 9.5457285e-01 5.0967188e-03
795.0 9.5829887e-01 5.1066562e-03
796.0 9.5836434e-01 5.1068306e-03
797.0 9.5566948e-01 5.0996455e-03
798.0 9.5236253e-01 5.0908146e-03
799.0 9.5050924e-01 5.0858588e-03
800.0 9.4899859e-01 5.0818157e-03
801.0 9.4828333e-01 5.0799003e-03
802.0 9.4542463e-01 5.0722376e-03
803.0 9.4612342e-01 5.0741117e-03
804.0 9.4938169e-01 5.0828414e-03
805.0 9.4580068e-01 5.0732462e-03
806.0 9.5164754e-01 5.0889033e-03
807.0 9.4968252e-01 5.0836466e-03
808.0 9.5002765e-01 5.0845703e-03
809.0 9.5370569e-01 5.0944032e-03
810.0 9.5409523e-01 5.0954435e-03
811.0 9.5353281e-01 5.0939415e-03
812.0 9.5587094e-01 5.1001830e-03
813.0 9.5449828e-01 5.0965197e-03
814.0 9.5268455e-01 5.0916752e-03
815.0 9.4988335e-01 5.0841841e-03
816.0 9.5195454e-01 5.0897240e-03
817.0 9.5436467e-01 5.0961629e-03
818.0 9.5899056e-01 5.1084988e-03
819.0 9.6001364e-01 5.1112230e-03
820.0 9.5935911e-01 5.1094803e-03
821.0 9.5805946e-01 5.1060182e-03
822.0 9.5742219e-01 5.1043198e-03
823.0 9.5785964e-01 5.1054857e-03
824.0 9.5963216e-01 5.1102074e-03
825.0 9.5733827e-01 5.1040961e-03
826.0 9.5687042e-01 5.1028487e-03
827.0 9.5579141e-01 5.0999708e-03
828.0 9.5626399e-01 5.1012315e-03
829.0 9.5685227e-01 5.1028003e-03
830.0 9.4984009e-01 5.0840683e-03
831.0 9.5113703e-01 5.0875381e-03
832.0 9.4946483e-01 5.0830639e-03
833.0 9.5040235e-01 5.0855729e-03
834.0 9.4902587e-01 5.0818888e-03
835.0 9.4933117e-01 5.0827061e-03
836.0 9.5088780e-01 5.0868715e-03
837.0 9.5181419e-01 5.0893488e-03
838.0 9.4599887e-01 5.0737777e-03
839.0 9.4753035e-01 5.0778831e-03
840.0 9.4887141e-01 5.0814752e-03
841.0 9.4798538e-01 5.0791022e-03
842.0 9.4869450e-01 5.0810015e-03
843.0 9.5017749e-01 5.0849712e-03
844.0 9.4551984e-01 5.0724930e-03
845.0 9.4714790e-01 5.0768581e-03
846.0 9.4710007e-01 5.0767300e-03
847.0 9.4801089e-01 5.0791705e-03
848.0 9.4866025e-01 5.0809098e-03
849.0 9.5328973e-01 5.0932921e-03
850.0 9.5359722e-01 5.0941135e-03
851.0 9.5201610e-01 5.0898886e-03
852.0 9.4878707e-01 5.0812494e-03
853.0 9.4850638e-01 5.0804977e-03
854.0 9.4390731e-01 5.0681657e-03
855.0 9.4153929e-01 5.0618043e-03
856.0 9.4154563e-01 5.0618214e-03
857.0 9.3866554e-01 5.0540737e-03
858.0 9.3963603e-01 5.0566857e-03
859.0 9.3538356e-01 5.0452303e-03
860.0 9.3650011e-01 5.0482406e-03
861.0 9.4063815e-01 5.0593815e-03
862.0 9.4166622e-01 5.0621455e-03
863.0 9.3960474e-01 5.0566015e-03
864.0 9.3718670e-01 5.0500908e-03
865.0 9.3845881e-01 5.0535171e-03
866.0 9.4214377e-01 5.0634290e-03
867.0 9.3877974e-01 5.0543811e-03
868.0 9.3965661e-01 5.0567411e-03
869.0 9.4005762e-01 5.0578200e-03
870.0 9.3806071e-01 5.0524451e-03
871.0 9.4191694e-01 5.0628194e-03
872.0 9.4159974e-01 5.0619668e-03
873.0 9.4247101e-01 5.0643082e-03
874.0 9.3925596e-01 5.0556629e-03
875.0 9.3835863e-01 5.0532473e-03
876.0 9.3707165e-01 5.0497808e-03
877.0 9.3850228e-01 5.0536341e-03
878.0 9.3480858e-01 5.0436794e-03
879.0 9.3370905e-01 5.0407123e-03
880.0 9.2859104e-01 5.0268783e-03
881.0 9.2990570e-01 5.0304355e-03
882.0 9.2740159e-01 5.0236578e-03
883.0 9.3015381e-01 5.0311065e-03
884.0 9.3312338e-01 5.0391312e-03
885.0 9.3187020e-01 5.0357463e-03
886.0 9.3180476e-01 5.0355695e-03
887.0 9.3283544e-01 5.0383536e-03
888.0 9.3668669e-01 5.0487435e-03
889.0 9.3880873e-01 5.0544591e-03
890.0 9.3824973e-01 5.0529541e-03
891.0 9.3543765e-01 5.0453762e-03
892.0 9.3610903e-01 5.0471864e-03
893.0 9.3594790e-01 5.0467520e-03
894.0 9.4041155e-01 5.0587720e-03
895.0 9.4016816e-01 5.0581173e-03
896.0 9.4010092e-01 5.0579365e-03
897.0 9.4192131e-01 5.0628311e-03
898.0 9.4158969e-01 5.0619398e-03
899.0 9.3533897e-01 5.0451101e-03
900.0 9.3675524e-01 5.0489282e-03
901.0 9.3749301e-01 5.0509160e-03
902.0 9.3568446e-01 5.0460417e-03
903.0 9.4070268e-01 5.0595550e-03
904.0 9.4231995e-01 5.0639023e-03
905.0 9.4091556e-01 5.0601274e-03
906.0 9.4193456e-01 5.0628667e-03
907.0 9.4370241e-01 5.0676156e-03
908.0 9.4010608e-01 5.0579503e-03
909.0 9.3942946e-01 5.0561298e-03
910.0 9.4348626e-01 5.0670352e-03
911.0 9.4092584e-01 5.0601551e-03
912.0 9.4263278e-01 5.0647428e-03
913.0 9.4314541e-01 5.0661198e-03
914.0 9.4385712e-01 5.0680310e-03
915.0 9.4468959e-01 5.0702654e-03
916.0 9.4435160e-01 5.0693583e-03
917.0 9.4601441e-01 5.0738194e-03
918.0 9.4268397e-01 5.0648804e-03
919.0 9.3925236e-01 5.0556532e-03
920.0 9.4535993e-01 5.0720640e-03
921.0 9.4788984e-01 5.0788462e-03
922.0 9.4395739e-01 5.0683001e-03
923.0 9.4212780e-01 5.0633860e-03
924.0 9.4367021e-01 5.0675291e-03
925.0 9.4661022e-01 5.0754169e-03
926.0 9.4886771e-01 5.0814653e-03
927.0 9.4365940e-01 5.0675001e-03
928.0 9.4553728e-01 5.0725397e-03
929.0 9.4733989e-01 5.0773727e-03
930.0 9.4791949e-01 5.0789257e-03
931.0 9.4664819e-01 5.0755187e-03
932.0 9.4319363e-01 5.0662493e-03
933.0 9.4345355e-01 5.0669473e-03
934.0 9.4504594e-01 5.0712216e-03
935.0 9.4386199e-01 5.0680440e-03
936.0 9.4535283e-01 5.0720449e-03
937.0 9.4605007e-01 5.0739150e-03
938.0 9.4577493e-01 5.0731772e-03
939.0 9.4172706e-01 5.0623090e-03
940.0 9.4022406e-01 5.0582677e-03
941.0 9.4258356e-01 5.0646106e-03
942.0 9.3947157e-01 5.0562432e-03
943.0 9.4083852e-01 5.0599203e-03
944.0 9.4657470e-01 5.0753217e-03
945.0 9.4475887e-01 5.0704513e-03
946.0 9.4321960e-01 5.0663191e-03
947.0 9.4326041e-01 5.0664287e-03
948.0 9.4350626e-01 5.0670889e-03
949.0 9.4324560e-01 5.0663889e-03
950.0 9.4458502e-01 5.0699848e-03
951.0 9.4383193e-01 5.0679633e-03
952.0 9.4847317e-01 5.0804088e-03
953.0 9.5394329e-01 5.0950378e-03
954.0 9.5528436e-01 5.0986179e-03
955.0 9.5532352e-01 5.0987224e-03
956.0 9.5867754e-01 5.1076650e-03
957.0 9.5711768e-01 5.1035080e-03
958.0 9.5131301e-01 5.0880087e-03
959.0 9.5459299e-01 5.0967725e-03
960.0 9.5499914e-01 5.0978567e-03
961.0 9.5649884e-01 5.1018579e-03
962.0 9.5594892e-01 5.1003910e-03
963.0 9.5320379e-01 5.0930626e-03
964.0 9.5511187e-01 5.0981575e-03
965.0 9.5790415e-01 5.1056043e-03
966.0 9.5715213e-01 5.1035998e-03
967.0 9.5800460e-01 5.1058720e-03
968.0 9.5726549e-01 5.1039020e-03
969.0 9.6162379e-01 5.1155075e-03
970.0 9.6286776e-01 5.1188152e-03
971.0 9.6268428e-01 5.1183275e-03
972.0 9.6448964e-01 5.1231245e-03
973.0 9.6322990e-01 5.1197777e-03
974.0 9.6010327e-01 5.1114616e-03
975.0 9.6526101e-01 5.1251728e-03
976.0 9.6907476e-01 5.1352876e-03
977.0 9.6884209e-01 5.1346711e-03
978.0 9.7054300e-01 5.1391763e-03
979.0 9.7183172e-01 5.1425872e-03
980.0 9.7393374e-01 5.1481458e-03
981.0 9.7160958e-01 5.1419994e-03
982.0 9.6723763e-01 5.1304177e-03
983.0 9.7431232e-01 5.1491463e-03
984.0 9.7317648e-01 5.1461440e-03
985.0 9.7157447e-01 5.1419065e-03
986.0 9.7052467e-01 5.1391278e-03
987.0 9.7027568e-01 5.1384685e-03
988.0 9.6681290e-01 5.1292911e-03
989.0 9.6352167e-01 5.1205531e-03
990.0 9.6260116e-01 5.1181065e-03
991.0 9.6216083e-01 5.1169358e-03
992.0 9.6339428e-01 5.1202146e-03
993.0 9.6594030e-01 5.1269758e-03
994.0 9.6417793e-01 5.1222966e-03
995.0 9.5923213e-01 5.1091422e-03
996.0 9.6098488e-01 5.1138079e-03
997.0 9.6383984e-01 5.1213985e-03
998.0 9.6433654e-01 5.1227179e-03
999.0 9.6600941e-01 5.1271593e-03
1000.0 9.6810161e-01 5.1327085e-03
